0.000000000000000000e+00 0.000000000000000000e+00
0.000000000000000000e+00 0.000000000000000000e+00
0.000000000000000000e+00 0.000000000000000000e+00
0.000000000000000000e+00 0.000000000000000000e+00
0.000000000000000000e+00 0.000000000000000000e+00
0.000000000000000000e+00 0.000000000000000000e+00
0.000000000000000000e+00 0.000000000000000000e+00
0.000000000000000000e+00 0.000000000000000000e+00
1.000000000000000000e+00 3.492282314330038844e+02
1.000000000000000000e+00 3.442214156497103090e+02
0.000000000000000000e+00 0.000000000000000000e+00
1.000000000000000000e+00 3.111269837220809222e+02
0.000000000000000000e+00 0.000000000000000000e+00
0.000000000000000000e+00 0.000000000000000000e+00
0.000000000000000000e+00 0.000000000000000000e+00
0.000000000000000000e+00 0.000000000000000000e+00
1.000000000000000000e+00 2.578746915402352897e+02
1.000000000000000000e+00 2.541775933119000399e+02
1.000000000000000000e+00 2.541775933119000399e+02
0.000000000000000000e+00 0.000000000000000000e+00
0.000000000000000000e+00 0.000000000000000000e+00
0.000000000000000000e+00 0.000000000000000000e+00
0.000000000000000000e+00 0.000000000000000000e+00
0.000000000000000000e+00 0.000000000000000000e+00
0.000000000000000000e+00 0.000000000000000000e+00
1.000000000000000000e+00 3.392863815897469522e+02
1.000000000000000000e+00 3.392863815897469522e+02
1.000000000000000000e+00 3.392863815897469522e+02
1.000000000000000000e+00 3.392863815897469522e+02
1.000000000000000000e+00 3.344221001328052694e+02
1.000000000000000000e+00 3.202437002252812590e+02
1.000000000000000000e+00 3.156524299084200607e+02
0.000000000000000000e+00 0.000000000000000000e+00
0.000000000000000000e+00 0.000000000000000000e+00
1.000000000000000000e+00 2.812143451832947108e+02
1.000000000000000000e+00 2.771826309768720762e+02
1.000000000000000000e+00 2.692917795270241186e+02
1.000000000000000000e+00 2.654309967761147959e+02
1.000000000000000000e+00 2.654309967761147959e+02
1.000000000000000000e+00 2.654309967761147959e+02
0.000000000000000000e+00 0.000000000000000000e+00
0.000000000000000000e+00 0.000000000000000000e+00
0.000000000000000000e+00 0.000000000000000000e+00
0.000000000000000000e+00 0.000000000000000000e+00
0.000000000000000000e+00 0.000000000000000000e+00
1.000000000000000000e+00 3.594613997130419421e+02
1.000000000000000000e+00 3.594613997130419421e+02
1.000000000000000000e+00 3.594613997130419421e+02
1.000000000000000000e+00 3.543078730288359566e+02
1.000000000000000000e+00 3.392863815897469522e+02
1.000000000000000000e+00 3.344221001328052694e+02
1.000000000000000000e+00 3.249017521066898553e+02
1.000000000000000000e+00 3.156524299084200607e+02
1.000000000000000000e+00 3.066664179587798458e+02
0.000000000000000000e+00 0.000000000000000000e+00
0.000000000000000000e+00 0.000000000000000000e+00
0.000000000000000000e+00 0.000000000000000000e+00
1.000000000000000000e+00 2.692917795270241186e+02
1.000000000000000000e+00 2.692917795270241186e+02
1.000000000000000000e+00 2.732087186561664680e+02
0.000000000000000000e+00 0.000000000000000000e+00
0.000000000000000000e+00 0.000000000000000000e+00
0.000000000000000000e+00 0.000000000000000000e+00
0.000000000000000000e+00 0.000000000000000000e+00
0.000000000000000000e+00 0.000000000000000000e+00
0.000000000000000000e+00 0.000000000000000000e+00
0.000000000000000000e+00 0.000000000000000000e+00
0.000000000000000000e+00 0.000000000000000000e+00
0.000000000000000000e+00 0.000000000000000000e+00
0.000000000000000000e+00 0.000000000000000000e+00
0.000000000000000000e+00 0.000000000000000000e+00
0.000000000000000000e+00 0.000000000000000000e+00
0.000000000000000000e+00 0.000000000000000000e+00
0.000000000000000000e+00 0.000000000000000000e+00
0.000000000000000000e+00 0.000000000000000000e+00
0.000000000000000000e+00 0.000000000000000000e+00
0.000000000000000000e+00 0.000000000000000000e+00
0.000000000000000000e+00 0.000000000000000000e+00
0.000000000000000000e+00 0.000000000000000000e+00
0.000000000000000000e+00 0.000000000000000000e+00
0.000000000000000000e+00 0.000000000000000000e+00
0.000000000000000000e+00 0.000000000000000000e+00
0.000000000000000000e+00 0.000000000000000000e+00
0.000000000000000000e+00 0.000000000000000000e+00
0.000000000000000000e+00 0.000000000000000000e+00
1.000000000000000000e+00 2.894545544734002647e+02
1.000000000000000000e+00 2.894545544734002647e+02
1.000000000000000000e+00 2.894545544734002647e+02
1.000000000000000000e+00 2.894545544734002647e+02
1.000000000000000000e+00 2.936647679174075733e+02
1.000000000000000000e+00 3.022698024407795856e+02
1.000000000000000000e+00 3.111269837220809222e+02
1.000000000000000000e+00 3.156524299084200607e+02
1.000000000000000000e+00 3.156524299084200607e+02
1.000000000000000000e+00 3.156524299084200607e+02
1.000000000000000000e+00 3.156524299084200607e+02
1.000000000000000000e+00 3.156524299084200607e+02
1.000000000000000000e+00 3.156524299084200607e+02
0.000000000000000000e+00 0.000000000000000000e+00
0.000000000000000000e+00 0.000000000000000000e+00
0.000000000000000000e+00 0.000000000000000000e+00
0.000000000000000000e+00 0.000000000000000000e+00
0.000000000000000000e+00 0.000000000000000000e+00
1.000000000000000000e+00 1.511349012203897928e+02
1.000000000000000000e+00 3.022698024407795856e+02
1.000000000000000000e+00 3.022698024407795856e+02
1.000000000000000000e+00 3.022698024407795856e+02
1.000000000000000000e+00 3.022698024407795856e+02
1.000000000000000000e+00 3.022698024407795856e+02
1.000000000000000000e+00 2.979362203261163700e+02
1.000000000000000000e+00 5.308619935522295918e+02
0.000000000000000000e+00 0.000000000000000000e+00
0.000000000000000000e+00 0.000000000000000000e+00
1.000000000000000000e+00 2.654309967761147959e+02
1.000000000000000000e+00 2.692917795270241186e+02
1.000000000000000000e+00 2.692917795270241186e+02
1.000000000000000000e+00 2.692917795270241186e+02
1.000000000000000000e+00 2.692917795270241186e+02
0.000000000000000000e+00 0.000000000000000000e+00
0.000000000000000000e+00 0.000000000000000000e+00
0.000000000000000000e+00 0.000000000000000000e+00
0.000000000000000000e+00 0.000000000000000000e+00
0.000000000000000000e+00 0.000000000000000000e+00
0.000000000000000000e+00 0.000000000000000000e+00
0.000000000000000000e+00 0.000000000000000000e+00
1.000000000000000000e+00 2.505334996464721371e+02
1.000000000000000000e+00 2.505334996464721371e+02
1.000000000000000000e+00 2.505334996464721371e+02
1.000000000000000000e+00 2.505334996464721371e+02
1.000000000000000000e+00 2.505334996464721371e+02
1.000000000000000000e+00 2.505334996464721371e+02
1.000000000000000000e+00 2.505334996464721371e+02
1.000000000000000000e+00 2.469416506280620638e+02
1.000000000000000000e+00 2.469416506280620638e+02
1.000000000000000000e+00 2.469416506280620638e+02
1.000000000000000000e+00 2.469416506280620638e+02
1.000000000000000000e+00 2.469416506280620638e+02
1.000000000000000000e+00 2.469416506280620638e+02
0.000000000000000000e+00 0.000000000000000000e+00
1.000000000000000000e+00 2.541775933119000399e+02
1.000000000000000000e+00 2.541775933119000399e+02
1.000000000000000000e+00 2.541775933119000399e+02
1.000000000000000000e+00 2.541775933119000399e+02
1.000000000000000000e+00 2.578746915402352897e+02
1.000000000000000000e+00 2.541775933119000399e+02
1.000000000000000000e+00 2.541775933119000399e+02
1.000000000000000000e+00 2.541775933119000399e+02
1.000000000000000000e+00 2.505334996464721371e+02
1.000000000000000000e+00 2.505334996464721371e+02
1.000000000000000000e+00 2.505334996464721371e+02
1.000000000000000000e+00 2.505334996464721371e+02
1.000000000000000000e+00 2.469416506280620638e+02
1.000000000000000000e+00 2.469416506280620638e+02
1.000000000000000000e+00 2.505334996464721371e+02
1.000000000000000000e+00 2.541775933119000399e+02
1.000000000000000000e+00 2.541775933119000399e+02
1.000000000000000000e+00 2.541775933119000399e+02
0.000000000000000000e+00 0.000000000000000000e+00
0.000000000000000000e+00 0.000000000000000000e+00
0.000000000000000000e+00 0.000000000000000000e+00
0.000000000000000000e+00 0.000000000000000000e+00
1.000000000000000000e+00 2.654309967761147959e+02
1.000000000000000000e+00 2.616255653005986233e+02
1.000000000000000000e+00 2.616255653005986233e+02
0.000000000000000000e+00 0.000000000000000000e+00
0.000000000000000000e+00 0.000000000000000000e+00
0.000000000000000000e+00 0.000000000000000000e+00
0.000000000000000000e+00 0.000000000000000000e+00
0.000000000000000000e+00 0.000000000000000000e+00
1.000000000000000000e+00 2.578746915402352897e+02
1.000000000000000000e+00 2.578746915402352897e+02
1.000000000000000000e+00 2.541775933119000399e+02
1.000000000000000000e+00 2.541775933119000399e+02
1.000000000000000000e+00 2.541775933119000399e+02
1.000000000000000000e+00 2.505334996464721371e+02
1.000000000000000000e+00 2.505334996464721371e+02
1.000000000000000000e+00 2.505334996464721371e+02
1.000000000000000000e+00 2.505334996464721371e+02
1.000000000000000000e+00 2.505334996464721371e+02
1.000000000000000000e+00 2.505334996464721371e+02
1.000000000000000000e+00 2.505334996464721371e+02
1.000000000000000000e+00 2.541775933119000399e+02
1.000000000000000000e+00 2.541775933119000399e+02
1.000000000000000000e+00 2.541775933119000399e+02
1.000000000000000000e+00 2.541775933119000399e+02
0.000000000000000000e+00 0.000000000000000000e+00
0.000000000000000000e+00 0.000000000000000000e+00
0.000000000000000000e+00 0.000000000000000000e+00
1.000000000000000000e+00 2.264464920615682502e+02
0.000000000000000000e+00 0.000000000000000000e+00
0.000000000000000000e+00 0.000000000000000000e+00
1.000000000000000000e+00 6.540639132514965581e+01
1.000000000000000000e+00 6.540639132514965581e+01
0.000000000000000000e+00 0.000000000000000000e+00
0.000000000000000000e+00 0.000000000000000000e+00
0.000000000000000000e+00 0.000000000000000000e+00
0.000000000000000000e+00 0.000000000000000000e+00
0.000000000000000000e+00 0.000000000000000000e+00
0.000000000000000000e+00 0.000000000000000000e+00
0.000000000000000000e+00 0.000000000000000000e+00
1.000000000000000000e+00 6.635774919402871319e+01
1.000000000000000000e+00 6.635774919402871319e+01
0.000000000000000000e+00 0.000000000000000000e+00
0.000000000000000000e+00 0.000000000000000000e+00
0.000000000000000000e+00 0.000000000000000000e+00
0.000000000000000000e+00 0.000000000000000000e+00
0.000000000000000000e+00 0.000000000000000000e+00
0.000000000000000000e+00 0.000000000000000000e+00
0.000000000000000000e+00 0.000000000000000000e+00
1.000000000000000000e+00 2.541775933119000399e+02
1.000000000000000000e+00 2.541775933119000399e+02
1.000000000000000000e+00 2.541775933119000399e+02
1.000000000000000000e+00 2.541775933119000399e+02
1.000000000000000000e+00 2.541775933119000399e+02
1.000000000000000000e+00 2.541775933119000399e+02
1.000000000000000000e+00 2.541775933119000399e+02
1.000000000000000000e+00 1.270887966559500200e+02
1.000000000000000000e+00 1.270887966559500200e+02
1.000000000000000000e+00 2.541775933119000399e+02
1.000000000000000000e+00 2.541775933119000399e+02
1.000000000000000000e+00 2.541775933119000399e+02
1.000000000000000000e+00 1.252667498232360686e+02
1.000000000000000000e+00 1.252667498232360686e+02
1.000000000000000000e+00 1.252667498232360686e+02
1.000000000000000000e+00 2.505334996464721371e+02
1.000000000000000000e+00 2.505334996464721371e+02
1.000000000000000000e+00 2.505334996464721371e+02
1.000000000000000000e+00 2.505334996464721371e+02
1.000000000000000000e+00 2.541775933119000399e+02
1.000000000000000000e+00 2.541775933119000399e+02
1.000000000000000000e+00 2.541775933119000399e+02
1.000000000000000000e+00 2.541775933119000399e+02
0.000000000000000000e+00 0.000000000000000000e+00
0.000000000000000000e+00 0.000000000000000000e+00
0.000000000000000000e+00 0.000000000000000000e+00
0.000000000000000000e+00 0.000000000000000000e+00
1.000000000000000000e+00 2.541775933119000399e+02
1.000000000000000000e+00 2.541775933119000399e+02
1.000000000000000000e+00 2.505334996464721371e+02
1.000000000000000000e+00 2.505334996464721371e+02
1.000000000000000000e+00 2.505334996464721371e+02
0.000000000000000000e+00 0.000000000000000000e+00
0.000000000000000000e+00 0.000000000000000000e+00
0.000000000000000000e+00 0.000000000000000000e+00
1.000000000000000000e+00 2.654309967761147959e+02
1.000000000000000000e+00 2.616255653005986233e+02
1.000000000000000000e+00 2.578746915402352897e+02
1.000000000000000000e+00 2.578746915402352897e+02
1.000000000000000000e+00 1.270887966559500200e+02
1.000000000000000000e+00 2.541775933119000399e+02
1.000000000000000000e+00 1.270887966559500200e+02
1.000000000000000000e+00 1.270887966559500200e+02
1.000000000000000000e+00 2.541775933119000399e+02
1.000000000000000000e+00 2.541775933119000399e+02
1.000000000000000000e+00 2.541775933119000399e+02
1.000000000000000000e+00 2.541775933119000399e+02
1.000000000000000000e+00 2.541775933119000399e+02
1.000000000000000000e+00 2.541775933119000399e+02
1.000000000000000000e+00 2.541775933119000399e+02
1.000000000000000000e+00 2.541775933119000399e+02
1.000000000000000000e+00 2.541775933119000399e+02
0.000000000000000000e+00 0.000000000000000000e+00
0.000000000000000000e+00 0.000000000000000000e+00
0.000000000000000000e+00 0.000000000000000000e+00
1.000000000000000000e+00 2.264464920615682502e+02
0.000000000000000000e+00 0.000000000000000000e+00
0.000000000000000000e+00 0.000000000000000000e+00
0.000000000000000000e+00 0.000000000000000000e+00
0.000000000000000000e+00 0.000000000000000000e+00
0.000000000000000000e+00 0.000000000000000000e+00
0.000000000000000000e+00 0.000000000000000000e+00
0.000000000000000000e+00 0.000000000000000000e+00
0.000000000000000000e+00 0.000000000000000000e+00
0.000000000000000000e+00 0.000000000000000000e+00
0.000000000000000000e+00 0.000000000000000000e+00
0.000000000000000000e+00 0.000000000000000000e+00
1.000000000000000000e+00 6.635774919402871319e+01
1.000000000000000000e+00 6.635774919402871319e+01
1.000000000000000000e+00 6.635774919402871319e+01
0.000000000000000000e+00 0.000000000000000000e+00
0.000000000000000000e+00 0.000000000000000000e+00
0.000000000000000000e+00 0.000000000000000000e+00
1.000000000000000000e+00 9.458885391302128482e+02
1.000000000000000000e+00 9.458885391302128482e+02
1.000000000000000000e+00 9.323275230361798549e+02
1.000000000000000000e+00 2.264464920615682502e+02
1.000000000000000000e+00 2.297402321340310323e+02
0.000000000000000000e+00 0.000000000000000000e+00
0.000000000000000000e+00 0.000000000000000000e+00
0.000000000000000000e+00 0.000000000000000000e+00
0.000000000000000000e+00 0.000000000000000000e+00
0.000000000000000000e+00 0.000000000000000000e+00
1.000000000000000000e+00 2.578746915402352897e+02
1.000000000000000000e+00 2.578746915402352897e+02
1.000000000000000000e+00 2.578746915402352897e+02
1.000000000000000000e+00 2.578746915402352897e+02
1.000000000000000000e+00 2.541775933119000399e+02
1.000000000000000000e+00 2.541775933119000399e+02
1.000000000000000000e+00 2.505334996464721371e+02
1.000000000000000000e+00 2.505334996464721371e+02
1.000000000000000000e+00 2.505334996464721371e+02
1.000000000000000000e+00 2.505334996464721371e+02
1.000000000000000000e+00 2.505334996464721371e+02
0.000000000000000000e+00 0.000000000000000000e+00
1.000000000000000000e+00 7.341619197935187913e+01
1.000000000000000000e+00 7.341619197935187913e+01
0.000000000000000000e+00 0.000000000000000000e+00
0.000000000000000000e+00 0.000000000000000000e+00
0.000000000000000000e+00 0.000000000000000000e+00
0.000000000000000000e+00 0.000000000000000000e+00
0.000000000000000000e+00 0.000000000000000000e+00
0.000000000000000000e+00 0.000000000000000000e+00
0.000000000000000000e+00 0.000000000000000000e+00
1.000000000000000000e+00 2.654309967761147959e+02
1.000000000000000000e+00 2.616255653005986233e+02
1.000000000000000000e+00 2.616255653005986233e+02
1.000000000000000000e+00 2.616255653005986233e+02
1.000000000000000000e+00 2.578746915402352897e+02
1.000000000000000000e+00 2.578746915402352897e+02
1.000000000000000000e+00 2.578746915402352897e+02
1.000000000000000000e+00 2.578746915402352897e+02
1.000000000000000000e+00 2.578746915402352897e+02
1.000000000000000000e+00 2.578746915402352897e+02
0.000000000000000000e+00 0.000000000000000000e+00
0.000000000000000000e+00 0.000000000000000000e+00
0.000000000000000000e+00 0.000000000000000000e+00
0.000000000000000000e+00 0.000000000000000000e+00
0.000000000000000000e+00 0.000000000000000000e+00
0.000000000000000000e+00 0.000000000000000000e+00
0.000000000000000000e+00 0.000000000000000000e+00
1.000000000000000000e+00 2.654309967761147959e+02
1.000000000000000000e+00 2.578746915402352897e+02
1.000000000000000000e+00 2.541775933119000399e+02
1.000000000000000000e+00 2.505334996464721371e+02
1.000000000000000000e+00 2.505334996464721371e+02
1.000000000000000000e+00 2.505334996464721371e+02
1.000000000000000000e+00 2.505334996464721371e+02
1.000000000000000000e+00 2.505334996464721371e+02
1.000000000000000000e+00 2.505334996464721371e+02
1.000000000000000000e+00 2.505334996464721371e+02
1.000000000000000000e+00 2.469416506280620638e+02
1.000000000000000000e+00 2.469416506280620638e+02
1.000000000000000000e+00 2.469416506280620638e+02
1.000000000000000000e+00 2.469416506280620638e+02
1.000000000000000000e+00 2.469416506280620638e+02
1.000000000000000000e+00 2.505334996464721371e+02
1.000000000000000000e+00 2.505334996464721371e+02
0.000000000000000000e+00 0.000000000000000000e+00
0.000000000000000000e+00 0.000000000000000000e+00
0.000000000000000000e+00 0.000000000000000000e+00
1.000000000000000000e+00 2.469416506280620638e+02
1.000000000000000000e+00 8.006092505632030054e+01
1.000000000000000000e+00 8.006092505632030054e+01
1.000000000000000000e+00 2.469416506280620638e+02
1.000000000000000000e+00 2.505334996464721371e+02
1.000000000000000000e+00 2.505334996464721371e+02
1.000000000000000000e+00 2.541775933119000399e+02
1.000000000000000000e+00 2.541775933119000399e+02
1.000000000000000000e+00 2.505334996464721371e+02
1.000000000000000000e+00 2.469416506280620638e+02
1.000000000000000000e+00 2.434012972355433533e+02
1.000000000000000000e+00 2.434012972355433533e+02
1.000000000000000000e+00 2.434012972355433533e+02
1.000000000000000000e+00 2.469416506280620638e+02
1.000000000000000000e+00 2.505334996464721371e+02
1.000000000000000000e+00 2.505334996464721371e+02
1.000000000000000000e+00 2.541775933119000399e+02
1.000000000000000000e+00 2.541775933119000399e+02
1.000000000000000000e+00 2.541775933119000399e+02
1.000000000000000000e+00 2.541775933119000399e+02
1.000000000000000000e+00 2.505334996464721371e+02
1.000000000000000000e+00 2.505334996464721371e+02
1.000000000000000000e+00 2.469416506280620638e+02
1.000000000000000000e+00 2.469416506280620638e+02
1.000000000000000000e+00 2.505334996464721371e+02
1.000000000000000000e+00 2.505334996464721371e+02
0.000000000000000000e+00 0.000000000000000000e+00
1.000000000000000000e+00 2.616255653005986233e+02
1.000000000000000000e+00 2.616255653005986233e+02
0.000000000000000000e+00 0.000000000000000000e+00
1.000000000000000000e+00 2.505334996464721371e+02
0.000000000000000000e+00 0.000000000000000000e+00
0.000000000000000000e+00 0.000000000000000000e+00
0.000000000000000000e+00 0.000000000000000000e+00
0.000000000000000000e+00 0.000000000000000000e+00
0.000000000000000000e+00 0.000000000000000000e+00
0.000000000000000000e+00 0.000000000000000000e+00
0.000000000000000000e+00 0.000000000000000000e+00
0.000000000000000000e+00 0.000000000000000000e+00
1.000000000000000000e+00 2.505334996464721371e+02
1.000000000000000000e+00 2.469416506280620638e+02
1.000000000000000000e+00 2.469416506280620638e+02
1.000000000000000000e+00 2.469416506280620638e+02
1.000000000000000000e+00 2.469416506280620638e+02
1.000000000000000000e+00 2.505334996464721371e+02
1.000000000000000000e+00 2.505334996464721371e+02
1.000000000000000000e+00 2.505334996464721371e+02
1.000000000000000000e+00 2.505334996464721371e+02
1.000000000000000000e+00 2.505334996464721371e+02
1.000000000000000000e+00 2.505334996464721371e+02
1.000000000000000000e+00 2.505334996464721371e+02
1.000000000000000000e+00 2.505334996464721371e+02
0.000000000000000000e+00 0.000000000000000000e+00
0.000000000000000000e+00 0.000000000000000000e+00
0.000000000000000000e+00 0.000000000000000000e+00
0.000000000000000000e+00 0.000000000000000000e+00
0.000000000000000000e+00 0.000000000000000000e+00
0.000000000000000000e+00 0.000000000000000000e+00
0.000000000000000000e+00 0.000000000000000000e+00
0.000000000000000000e+00 0.000000000000000000e+00
0.000000000000000000e+00 0.000000000000000000e+00
0.000000000000000000e+00 0.000000000000000000e+00
0.000000000000000000e+00 0.000000000000000000e+00
0.000000000000000000e+00 0.000000000000000000e+00
0.000000000000000000e+00 0.000000000000000000e+00
0.000000000000000000e+00 0.000000000000000000e+00
0.000000000000000000e+00 0.000000000000000000e+00
0.000000000000000000e+00 0.000000000000000000e+00
0.000000000000000000e+00 0.000000000000000000e+00
0.000000000000000000e+00 0.000000000000000000e+00
0.000000000000000000e+00 0.000000000000000000e+00
0.000000000000000000e+00 0.000000000000000000e+00
0.000000000000000000e+00 0.000000000000000000e+00
0.000000000000000000e+00 0.000000000000000000e+00
0.000000000000000000e+00 0.000000000000000000e+00
0.000000000000000000e+00 0.000000000000000000e+00
0.000000000000000000e+00 0.000000000000000000e+00
0.000000000000000000e+00 0.000000000000000000e+00
0.000000000000000000e+00 0.000000000000000000e+00
0.000000000000000000e+00 0.000000000000000000e+00
0.000000000000000000e+00 0.000000000000000000e+00
0.000000000000000000e+00 0.000000000000000000e+00
0.000000000000000000e+00 0.000000000000000000e+00
0.000000000000000000e+00 0.000000000000000000e+00
0.000000000000000000e+00 0.000000000000000000e+00
0.000000000000000000e+00 0.000000000000000000e+00
0.000000000000000000e+00 0.000000000000000000e+00
0.000000000000000000e+00 0.000000000000000000e+00
0.000000000000000000e+00 0.000000000000000000e+00
0.000000000000000000e+00 0.000000000000000000e+00
0.000000000000000000e+00 0.000000000000000000e+00
0.000000000000000000e+00 0.000000000000000000e+00
0.000000000000000000e+00 0.000000000000000000e+00
0.000000000000000000e+00 0.000000000000000000e+00
0.000000000000000000e+00 0.000000000000000000e+00
0.000000000000000000e+00 0.000000000000000000e+00
0.000000000000000000e+00 0.000000000000000000e+00
0.000000000000000000e+00 0.000000000000000000e+00
0.000000000000000000e+00 0.000000000000000000e+00
0.000000000000000000e+00 0.000000000000000000e+00
0.000000000000000000e+00 0.000000000000000000e+00
0.000000000000000000e+00 0.000000000000000000e+00
0.000000000000000000e+00 0.000000000000000000e+00
0.000000000000000000e+00 0.000000000000000000e+00
0.000000000000000000e+00 0.000000000000000000e+00
0.000000000000000000e+00 0.000000000000000000e+00
0.000000000000000000e+00 0.000000000000000000e+00
0.000000000000000000e+00 0.000000000000000000e+00
0.000000000000000000e+00 0.000000000000000000e+00
0.000000000000000000e+00 0.000000000000000000e+00
0.000000000000000000e+00 0.000000000000000000e+00
0.000000000000000000e+00 0.000000000000000000e+00
0.000000000000000000e+00 0.000000000000000000e+00
1.000000000000000000e+00 5.385835590540483508e+02
1.000000000000000000e+00 5.464174373123329360e+02
0.000000000000000000e+00 0.000000000000000000e+00
0.000000000000000000e+00 0.000000000000000000e+00
0.000000000000000000e+00 0.000000000000000000e+00
0.000000000000000000e+00 0.000000000000000000e+00
0.000000000000000000e+00 0.000000000000000000e+00
0.000000000000000000e+00 0.000000000000000000e+00
0.000000000000000000e+00 0.000000000000000000e+00
0.000000000000000000e+00 0.000000000000000000e+00
0.000000000000000000e+00 0.000000000000000000e+00
0.000000000000000000e+00 0.000000000000000000e+00
0.000000000000000000e+00 0.000000000000000000e+00
0.000000000000000000e+00 0.000000000000000000e+00
0.000000000000000000e+00 0.000000000000000000e+00
0.000000000000000000e+00 0.000000000000000000e+00
0.000000000000000000e+00 0.000000000000000000e+00
0.000000000000000000e+00 0.000000000000000000e+00
0.000000000000000000e+00 0.000000000000000000e+00
0.000000000000000000e+00 0.000000000000000000e+00
0.000000000000000000e+00 0.000000000000000000e+00
0.000000000000000000e+00 0.000000000000000000e+00
0.000000000000000000e+00 0.000000000000000000e+00
0.000000000000000000e+00 0.000000000000000000e+00
0.000000000000000000e+00 0.000000000000000000e+00
0.000000000000000000e+00 0.000000000000000000e+00
0.000000000000000000e+00 0.000000000000000000e+00
0.000000000000000000e+00 0.000000000000000000e+00
0.000000000000000000e+00 0.000000000000000000e+00
0.000000000000000000e+00 0.000000000000000000e+00
0.000000000000000000e+00 0.000000000000000000e+00
0.000000000000000000e+00 0.000000000000000000e+00
0.000000000000000000e+00 0.000000000000000000e+00
0.000000000000000000e+00 0.000000000000000000e+00
0.000000000000000000e+00 0.000000000000000000e+00
0.000000000000000000e+00 0.000000000000000000e+00
0.000000000000000000e+00 0.000000000000000000e+00
0.000000000000000000e+00 0.000000000000000000e+00
0.000000000000000000e+00 0.000000000000000000e+00
0.000000000000000000e+00 0.000000000000000000e+00
0.000000000000000000e+00 0.000000000000000000e+00
0.000000000000000000e+00 0.000000000000000000e+00
0.000000000000000000e+00 0.000000000000000000e+00
0.000000000000000000e+00 0.000000000000000000e+00
0.000000000000000000e+00 0.000000000000000000e+00
0.000000000000000000e+00 0.000000000000000000e+00
0.000000000000000000e+00 0.000000000000000000e+00
0.000000000000000000e+00 0.000000000000000000e+00
0.000000000000000000e+00 0.000000000000000000e+00
0.000000000000000000e+00 0.000000000000000000e+00
0.000000000000000000e+00 0.000000000000000000e+00
0.000000000000000000e+00 0.000000000000000000e+00
1.000000000000000000e+00 4.868025944710867066e+02
1.000000000000000000e+00 4.868025944710867066e+02
1.000000000000000000e+00 4.868025944710867066e+02
1.000000000000000000e+00 4.798234023727133604e+02
0.000000000000000000e+00 0.000000000000000000e+00
0.000000000000000000e+00 0.000000000000000000e+00
1.000000000000000000e+00 4.868025944710867066e+02
1.000000000000000000e+00 4.868025944710867066e+02
0.000000000000000000e+00 0.000000000000000000e+00
0.000000000000000000e+00 0.000000000000000000e+00
0.000000000000000000e+00 0.000000000000000000e+00
0.000000000000000000e+00 0.000000000000000000e+00
0.000000000000000000e+00 0.000000000000000000e+00
0.000000000000000000e+00 0.000000000000000000e+00
0.000000000000000000e+00 0.000000000000000000e+00
0.000000000000000000e+00 0.000000000000000000e+00
0.000000000000000000e+00 0.000000000000000000e+00
0.000000000000000000e+00 0.000000000000000000e+00
0.000000000000000000e+00 0.000000000000000000e+00
0.000000000000000000e+00 0.000000000000000000e+00
0.000000000000000000e+00 0.000000000000000000e+00
0.000000000000000000e+00 0.000000000000000000e+00
0.000000000000000000e+00 0.000000000000000000e+00
0.000000000000000000e+00 0.000000000000000000e+00
0.000000000000000000e+00 0.000000000000000000e+00
0.000000000000000000e+00 0.000000000000000000e+00
0.000000000000000000e+00 0.000000000000000000e+00
0.000000000000000000e+00 0.000000000000000000e+00
0.000000000000000000e+00 0.000000000000000000e+00
0.000000000000000000e+00 0.000000000000000000e+00
1.000000000000000000e+00 6.263337491161803428e+01
1.000000000000000000e+00 6.263337491161803428e+01
1.000000000000000000e+00 6.173541265701550174e+01
1.000000000000000000e+00 6.173541265701550174e+01
0.000000000000000000e+00 0.000000000000000000e+00
0.000000000000000000e+00 0.000000000000000000e+00
0.000000000000000000e+00 0.000000000000000000e+00
0.000000000000000000e+00 0.000000000000000000e+00
0.000000000000000000e+00 0.000000000000000000e+00
1.000000000000000000e+00 6.635774919402871319e+01
1.000000000000000000e+00 6.635774919402871319e+01
1.000000000000000000e+00 6.635774919402871319e+01
1.000000000000000000e+00 6.635774919402871319e+01
1.000000000000000000e+00 6.635774919402871319e+01
1.000000000000000000e+00 6.540639132514965581e+01
1.000000000000000000e+00 6.540639132514965581e+01
1.000000000000000000e+00 6.540639132514965581e+01
1.000000000000000000e+00 6.446867288505882243e+01
1.000000000000000000e+00 6.446867288505882243e+01
1.000000000000000000e+00 6.446867288505882243e+01
1.000000000000000000e+00 6.446867288505882243e+01
1.000000000000000000e+00 6.540639132514965581e+01
1.000000000000000000e+00 6.540639132514965581e+01
1.000000000000000000e+00 6.540639132514965581e+01
1.000000000000000000e+00 6.446867288505882243e+01
1.000000000000000000e+00 6.446867288505882243e+01
0.000000000000000000e+00 0.000000000000000000e+00
0.000000000000000000e+00 0.000000000000000000e+00
1.000000000000000000e+00 6.635774919402871319e+01
1.000000000000000000e+00 6.635774919402871319e+01
1.000000000000000000e+00 6.635774919402871319e+01
1.000000000000000000e+00 6.635774919402871319e+01
1.000000000000000000e+00 6.635774919402871319e+01
1.000000000000000000e+00 6.635774919402871319e+01
0.000000000000000000e+00 0.000000000000000000e+00
0.000000000000000000e+00 0.000000000000000000e+00
0.000000000000000000e+00 0.000000000000000000e+00
0.000000000000000000e+00 0.000000000000000000e+00
0.000000000000000000e+00 0.000000000000000000e+00
0.000000000000000000e+00 0.000000000000000000e+00
0.000000000000000000e+00 0.000000000000000000e+00
1.000000000000000000e+00 6.635774919402871319e+01
1.000000000000000000e+00 6.540639132514965581e+01
1.000000000000000000e+00 6.540639132514965581e+01
1.000000000000000000e+00 6.540639132514965581e+01
1.000000000000000000e+00 6.540639132514965581e+01
1.000000000000000000e+00 6.540639132514965581e+01
1.000000000000000000e+00 6.540639132514965581e+01
1.000000000000000000e+00 6.635774919402871319e+01
1.000000000000000000e+00 6.635774919402871319e+01
1.000000000000000000e+00 6.635774919402871319e+01
1.000000000000000000e+00 6.635774919402871319e+01
1.000000000000000000e+00 6.540639132514965581e+01
0.000000000000000000e+00 0.000000000000000000e+00
0.000000000000000000e+00 0.000000000000000000e+00
0.000000000000000000e+00 0.000000000000000000e+00
0.000000000000000000e+00 0.000000000000000000e+00
0.000000000000000000e+00 0.000000000000000000e+00
1.000000000000000000e+00 6.635774919402871319e+01
1.000000000000000000e+00 6.635774919402871319e+01
1.000000000000000000e+00 6.635774919402871319e+01
1.000000000000000000e+00 6.830217966404161700e+01
0.000000000000000000e+00 0.000000000000000000e+00
0.000000000000000000e+00 0.000000000000000000e+00
0.000000000000000000e+00 0.000000000000000000e+00
1.000000000000000000e+00 6.635774919402871319e+01
1.000000000000000000e+00 6.635774919402871319e+01
1.000000000000000000e+00 6.635774919402871319e+01
1.000000000000000000e+00 6.635774919402871319e+01
1.000000000000000000e+00 6.635774919402871319e+01
1.000000000000000000e+00 6.635774919402871319e+01
1.000000000000000000e+00 6.446867288505882243e+01
0.000000000000000000e+00 0.000000000000000000e+00
0.000000000000000000e+00 0.000000000000000000e+00
1.000000000000000000e+00 2.004267997171777097e+03
1.000000000000000000e+00 2.004267997171777097e+03
1.000000000000000000e+00 2.004267997171777097e+03
1.000000000000000000e+00 6.446867288505882243e+01
1.000000000000000000e+00 6.446867288505882243e+01
1.000000000000000000e+00 6.446867288505882243e+01
1.000000000000000000e+00 6.635774919402871319e+01
0.000000000000000000e+00 0.000000000000000000e+00
0.000000000000000000e+00 0.000000000000000000e+00
1.000000000000000000e+00 2.004267997171777097e+03
1.000000000000000000e+00 2.004267997171777097e+03
1.000000000000000000e+00 2.004267997171777097e+03
0.000000000000000000e+00 0.000000000000000000e+00
0.000000000000000000e+00 0.000000000000000000e+00
1.000000000000000000e+00 1.308127826502993116e+02
1.000000000000000000e+00 2.004267997171777097e+03
1.000000000000000000e+00 6.446867288505882243e+01
1.000000000000000000e+00 6.446867288505882243e+01
1.000000000000000000e+00 6.446867288505882243e+01
1.000000000000000000e+00 6.446867288505882243e+01
1.000000000000000000e+00 6.263337491161803428e+01
1.000000000000000000e+00 2.004267997171777097e+03
1.000000000000000000e+00 2.004267997171777097e+03
1.000000000000000000e+00 6.446867288505882243e+01
1.000000000000000000e+00 6.446867288505882243e+01
1.000000000000000000e+00 6.540639132514965581e+01
1.000000000000000000e+00 6.540639132514965581e+01
0.000000000000000000e+00 0.000000000000000000e+00
0.000000000000000000e+00 0.000000000000000000e+00
0.000000000000000000e+00 0.000000000000000000e+00
1.000000000000000000e+00 6.446867288505882243e+01
1.000000000000000000e+00 6.446867288505882243e+01
1.000000000000000000e+00 6.635774919402871319e+01
1.000000000000000000e+00 6.635774919402871319e+01
1.000000000000000000e+00 6.635774919402871319e+01
1.000000000000000000e+00 6.635774919402871319e+01
0.000000000000000000e+00 0.000000000000000000e+00
0.000000000000000000e+00 0.000000000000000000e+00
0.000000000000000000e+00 0.000000000000000000e+00
0.000000000000000000e+00 0.000000000000000000e+00
0.000000000000000000e+00 0.000000000000000000e+00
0.000000000000000000e+00 0.000000000000000000e+00
0.000000000000000000e+00 0.000000000000000000e+00
0.000000000000000000e+00 0.000000000000000000e+00
1.000000000000000000e+00 6.446867288505882243e+01
1.000000000000000000e+00 6.446867288505882243e+01
1.000000000000000000e+00 6.446867288505882243e+01
1.000000000000000000e+00 6.635774919402871319e+01
1.000000000000000000e+00 6.540639132514965581e+01
1.000000000000000000e+00 6.540639132514965581e+01
1.000000000000000000e+00 6.540639132514965581e+01
1.000000000000000000e+00 6.540639132514965581e+01
1.000000000000000000e+00 6.540639132514965581e+01
1.000000000000000000e+00 6.540639132514965581e+01
1.000000000000000000e+00 6.540639132514965581e+01
0.000000000000000000e+00 0.000000000000000000e+00
0.000000000000000000e+00 0.000000000000000000e+00
0.000000000000000000e+00 0.000000000000000000e+00
1.000000000000000000e+00 6.446867288505882243e+01
1.000000000000000000e+00 6.540639132514965581e+01
1.000000000000000000e+00 6.635774919402871319e+01
1.000000000000000000e+00 6.635774919402871319e+01
1.000000000000000000e+00 6.635774919402871319e+01
1.000000000000000000e+00 6.635774919402871319e+01
1.000000000000000000e+00 6.540639132514965581e+01
1.000000000000000000e+00 6.446867288505882243e+01
0.000000000000000000e+00 0.000000000000000000e+00
0.000000000000000000e+00 0.000000000000000000e+00
0.000000000000000000e+00 0.000000000000000000e+00
0.000000000000000000e+00 0.000000000000000000e+00
0.000000000000000000e+00 0.000000000000000000e+00
0.000000000000000000e+00 0.000000000000000000e+00
1.000000000000000000e+00 5.706094040464442969e+02
1.000000000000000000e+00 5.706094040464442969e+02
1.000000000000000000e+00 5.706094040464442969e+02
1.000000000000000000e+00 5.706094040464442969e+02
1.000000000000000000e+00 5.706094040464442969e+02
1.000000000000000000e+00 6.635774919402871319e+01
1.000000000000000000e+00 6.635774919402871319e+01
1.000000000000000000e+00 6.635774919402871319e+01
1.000000000000000000e+00 6.635774919402871319e+01
1.000000000000000000e+00 6.635774919402871319e+01
1.000000000000000000e+00 6.635774919402871319e+01
0.000000000000000000e+00 0.000000000000000000e+00
0.000000000000000000e+00 0.000000000000000000e+00
0.000000000000000000e+00 0.000000000000000000e+00
0.000000000000000000e+00 0.000000000000000000e+00
0.000000000000000000e+00 0.000000000000000000e+00
0.000000000000000000e+00 0.000000000000000000e+00
0.000000000000000000e+00 0.000000000000000000e+00
1.000000000000000000e+00 2.979362203261163700e+02
1.000000000000000000e+00 2.936647679174075733e+02
1.000000000000000000e+00 2.936647679174075733e+02
1.000000000000000000e+00 7.236363861835006617e+01
1.000000000000000000e+00 7.236363861835006617e+01
1.000000000000000000e+00 7.236363861835006617e+01
1.000000000000000000e+00 7.236363861835006617e+01
1.000000000000000000e+00 2.894545544734002647e+02
1.000000000000000000e+00 2.004267997171777097e+03
1.000000000000000000e+00 2.004267997171777097e+03
1.000000000000000000e+00 7.341619197935187913e+01
1.000000000000000000e+00 7.341619197935187913e+01
0.000000000000000000e+00 0.000000000000000000e+00
0.000000000000000000e+00 0.000000000000000000e+00
0.000000000000000000e+00 0.000000000000000000e+00
0.000000000000000000e+00 0.000000000000000000e+00
0.000000000000000000e+00 0.000000000000000000e+00
0.000000000000000000e+00 0.000000000000000000e+00
0.000000000000000000e+00 0.000000000000000000e+00
1.000000000000000000e+00 6.045396048815591712e+02
1.000000000000000000e+00 5.958724406522327399e+02
1.000000000000000000e+00 5.958724406522327399e+02
1.000000000000000000e+00 5.958724406522327399e+02
1.000000000000000000e+00 5.958724406522327399e+02
1.000000000000000000e+00 5.873295358348151467e+02
0.000000000000000000e+00 0.000000000000000000e+00
0.000000000000000000e+00 0.000000000000000000e+00
0.000000000000000000e+00 0.000000000000000000e+00
0.000000000000000000e+00 0.000000000000000000e+00
0.000000000000000000e+00 0.000000000000000000e+00
0.000000000000000000e+00 0.000000000000000000e+00
0.000000000000000000e+00 0.000000000000000000e+00
0.000000000000000000e+00 0.000000000000000000e+00
0.000000000000000000e+00 0.000000000000000000e+00
0.000000000000000000e+00 0.000000000000000000e+00
0.000000000000000000e+00 0.000000000000000000e+00
0.000000000000000000e+00 0.000000000000000000e+00
1.000000000000000000e+00 8.360552503320130313e+01
1.000000000000000000e+00 8.360552503320130313e+01
1.000000000000000000e+00 2.616255653005986233e+02
0.000000000000000000e+00 0.000000000000000000e+00
0.000000000000000000e+00 0.000000000000000000e+00
1.000000000000000000e+00 2.505334996464721371e+02
0.000000000000000000e+00 0.000000000000000000e+00
1.000000000000000000e+00 8.006092505632030054e+01
0.000000000000000000e+00 0.000000000000000000e+00
0.000000000000000000e+00 0.000000000000000000e+00
1.000000000000000000e+00 8.006092505632030054e+01
1.000000000000000000e+00 8.006092505632030054e+01
1.000000000000000000e+00 8.006092505632030054e+01
0.000000000000000000e+00 0.000000000000000000e+00
0.000000000000000000e+00 0.000000000000000000e+00
0.000000000000000000e+00 0.000000000000000000e+00
1.000000000000000000e+00 1.327154983880573980e+02
1.000000000000000000e+00 1.308127826502993116e+02
1.000000000000000000e+00 1.289373457701176733e+02
1.000000000000000000e+00 1.289373457701176733e+02
1.000000000000000000e+00 1.289373457701176733e+02
1.000000000000000000e+00 1.289373457701176733e+02
1.000000000000000000e+00 1.289373457701176733e+02
1.000000000000000000e+00 1.327154983880573980e+02
1.000000000000000000e+00 1.308127826502993116e+02
1.000000000000000000e+00 1.289373457701176733e+02
1.000000000000000000e+00 1.289373457701176733e+02
1.000000000000000000e+00 1.270887966559500200e+02
1.000000000000000000e+00 8.240688922821749429e+01
1.000000000000000000e+00 8.240688922821749429e+01
1.000000000000000000e+00 8.240688922821749429e+01
1.000000000000000000e+00 8.240688922821749429e+01
1.000000000000000000e+00 8.240688922821749429e+01
1.000000000000000000e+00 8.360552503320130313e+01
1.000000000000000000e+00 8.360552503320130313e+01
1.000000000000000000e+00 8.360552503320130313e+01
1.000000000000000000e+00 8.360552503320130313e+01
1.000000000000000000e+00 3.344221001328052694e+02
1.000000000000000000e+00 8.006092505632030054e+01
1.000000000000000000e+00 8.006092505632030054e+01
0.000000000000000000e+00 0.000000000000000000e+00
0.000000000000000000e+00 0.000000000000000000e+00
1.000000000000000000e+00 1.346458897635120877e+02
1.000000000000000000e+00 1.346458897635120877e+02
1.000000000000000000e+00 1.327154983880573980e+02
1.000000000000000000e+00 1.308127826502993116e+02
1.000000000000000000e+00 1.308127826502993116e+02
1.000000000000000000e+00 8.240688922821749429e+01
1.000000000000000000e+00 8.122543802667246382e+01
1.000000000000000000e+00 8.006092505632030054e+01
1.000000000000000000e+00 8.006092505632030054e+01
1.000000000000000000e+00 8.006092505632030054e+01
1.000000000000000000e+00 8.006092505632030054e+01
1.000000000000000000e+00 8.006092505632030054e+01
1.000000000000000000e+00 8.122543802667246382e+01
1.000000000000000000e+00 8.122543802667246382e+01
1.000000000000000000e+00 8.360552503320130313e+01
1.000000000000000000e+00 8.360552503320130313e+01
1.000000000000000000e+00 8.360552503320130313e+01
0.000000000000000000e+00 0.000000000000000000e+00
1.000000000000000000e+00 3.022698024407795856e+02
1.000000000000000000e+00 3.022698024407795856e+02
0.000000000000000000e+00 0.000000000000000000e+00
0.000000000000000000e+00 0.000000000000000000e+00
1.000000000000000000e+00 8.006092505632030054e+01
1.000000000000000000e+00 8.006092505632030054e+01
1.000000000000000000e+00 3.296275569128699203e+02
1.000000000000000000e+00 3.296275569128699203e+02
0.000000000000000000e+00 0.000000000000000000e+00
0.000000000000000000e+00 0.000000000000000000e+00
0.000000000000000000e+00 0.000000000000000000e+00
0.000000000000000000e+00 0.000000000000000000e+00
0.000000000000000000e+00 0.000000000000000000e+00
0.000000000000000000e+00 0.000000000000000000e+00
0.000000000000000000e+00 0.000000000000000000e+00
0.000000000000000000e+00 0.000000000000000000e+00
1.000000000000000000e+00 3.344221001328052694e+02
1.000000000000000000e+00 3.344221001328052694e+02
1.000000000000000000e+00 3.344221001328052694e+02
1.000000000000000000e+00 3.296275569128699203e+02
1.000000000000000000e+00 3.296275569128699203e+02
1.000000000000000000e+00 3.249017521066898553e+02
0.000000000000000000e+00 0.000000000000000000e+00
0.000000000000000000e+00 0.000000000000000000e+00
1.000000000000000000e+00 3.066664179587798458e+02
1.000000000000000000e+00 3.066664179587798458e+02
1.000000000000000000e+00 8.006092505632030054e+01
1.000000000000000000e+00 8.006092505632030054e+01
0.000000000000000000e+00 0.000000000000000000e+00
0.000000000000000000e+00 0.000000000000000000e+00
0.000000000000000000e+00 0.000000000000000000e+00
0.000000000000000000e+00 0.000000000000000000e+00
1.000000000000000000e+00 8.006092505632030054e+01
1.000000000000000000e+00 8.006092505632030054e+01
1.000000000000000000e+00 8.006092505632030054e+01
1.000000000000000000e+00 8.006092505632030054e+01
1.000000000000000000e+00 8.006092505632030054e+01
0.000000000000000000e+00 0.000000000000000000e+00
0.000000000000000000e+00 0.000000000000000000e+00
0.000000000000000000e+00 0.000000000000000000e+00
0.000000000000000000e+00 0.000000000000000000e+00
0.000000000000000000e+00 0.000000000000000000e+00
0.000000000000000000e+00 0.000000000000000000e+00
0.000000000000000000e+00 0.000000000000000000e+00
1.000000000000000000e+00 8.240688922821749429e+01
1.000000000000000000e+00 8.240688922821749429e+01
1.000000000000000000e+00 8.122543802667246382e+01
1.000000000000000000e+00 8.006092505632030054e+01
1.000000000000000000e+00 8.006092505632030054e+01
1.000000000000000000e+00 8.006092505632030054e+01
1.000000000000000000e+00 8.006092505632030054e+01
1.000000000000000000e+00 8.006092505632030054e+01
1.000000000000000000e+00 8.122543802667246382e+01
1.000000000000000000e+00 8.240688922821749429e+01
1.000000000000000000e+00 8.122543802667246382e+01
1.000000000000000000e+00 8.122543802667246382e+01
1.000000000000000000e+00 8.006092505632030054e+01
1.000000000000000000e+00 8.122543802667246382e+01
1.000000000000000000e+00 8.122543802667246382e+01
1.000000000000000000e+00 8.240688922821749429e+01
1.000000000000000000e+00 8.240688922821749429e+01
1.000000000000000000e+00 8.240688922821749429e+01
1.000000000000000000e+00 8.240688922821749429e+01
1.000000000000000000e+00 8.240688922821749429e+01
1.000000000000000000e+00 8.240688922821749429e+01
1.000000000000000000e+00 8.240688922821749429e+01
0.000000000000000000e+00 0.000000000000000000e+00
0.000000000000000000e+00 0.000000000000000000e+00
0.000000000000000000e+00 0.000000000000000000e+00
0.000000000000000000e+00 0.000000000000000000e+00
0.000000000000000000e+00 0.000000000000000000e+00
0.000000000000000000e+00 0.000000000000000000e+00
0.000000000000000000e+00 0.000000000000000000e+00
0.000000000000000000e+00 0.000000000000000000e+00
0.000000000000000000e+00 0.000000000000000000e+00
0.000000000000000000e+00 0.000000000000000000e+00
0.000000000000000000e+00 0.000000000000000000e+00
0.000000000000000000e+00 0.000000000000000000e+00
0.000000000000000000e+00 0.000000000000000000e+00
0.000000000000000000e+00 0.000000000000000000e+00
0.000000000000000000e+00 0.000000000000000000e+00
0.000000000000000000e+00 0.000000000000000000e+00
0.000000000000000000e+00 0.000000000000000000e+00
0.000000000000000000e+00 0.000000000000000000e+00
0.000000000000000000e+00 0.000000000000000000e+00
0.000000000000000000e+00 0.000000000000000000e+00
0.000000000000000000e+00 0.000000000000000000e+00
0.000000000000000000e+00 0.000000000000000000e+00
0.000000000000000000e+00 0.000000000000000000e+00
0.000000000000000000e+00 0.000000000000000000e+00
0.000000000000000000e+00 0.000000000000000000e+00
0.000000000000000000e+00 0.000000000000000000e+00
0.000000000000000000e+00 0.000000000000000000e+00
0.000000000000000000e+00 0.000000000000000000e+00
0.000000000000000000e+00 0.000000000000000000e+00
0.000000000000000000e+00 0.000000000000000000e+00
0.000000000000000000e+00 0.000000000000000000e+00
1.000000000000000000e+00 2.853047020232221485e+02
0.000000000000000000e+00 0.000000000000000000e+00
0.000000000000000000e+00 0.000000000000000000e+00
0.000000000000000000e+00 0.000000000000000000e+00
0.000000000000000000e+00 0.000000000000000000e+00
0.000000000000000000e+00 0.000000000000000000e+00
0.000000000000000000e+00 0.000000000000000000e+00
0.000000000000000000e+00 0.000000000000000000e+00
0.000000000000000000e+00 0.000000000000000000e+00
0.000000000000000000e+00 0.000000000000000000e+00
0.000000000000000000e+00 0.000000000000000000e+00
0.000000000000000000e+00 0.000000000000000000e+00
0.000000000000000000e+00 0.000000000000000000e+00
0.000000000000000000e+00 0.000000000000000000e+00
0.000000000000000000e+00 0.000000000000000000e+00
0.000000000000000000e+00 0.000000000000000000e+00
0.000000000000000000e+00 0.000000000000000000e+00
0.000000000000000000e+00 0.000000000000000000e+00
0.000000000000000000e+00 0.000000000000000000e+00
0.000000000000000000e+00 0.000000000000000000e+00
0.000000000000000000e+00 0.000000000000000000e+00
0.000000000000000000e+00 0.000000000000000000e+00
0.000000000000000000e+00 0.000000000000000000e+00
0.000000000000000000e+00 0.000000000000000000e+00
0.000000000000000000e+00 0.000000000000000000e+00
0.000000000000000000e+00 0.000000000000000000e+00
0.000000000000000000e+00 0.000000000000000000e+00
0.000000000000000000e+00 0.000000000000000000e+00
0.000000000000000000e+00 0.000000000000000000e+00
0.000000000000000000e+00 0.000000000000000000e+00
0.000000000000000000e+00 0.000000000000000000e+00
0.000000000000000000e+00 0.000000000000000000e+00
0.000000000000000000e+00 0.000000000000000000e+00
0.000000000000000000e+00 0.000000000000000000e+00
0.000000000000000000e+00 0.000000000000000000e+00
0.000000000000000000e+00 0.000000000000000000e+00
0.000000000000000000e+00 0.000000000000000000e+00
1.000000000000000000e+00 5.232511306011972465e+02
0.000000000000000000e+00 0.000000000000000000e+00
0.000000000000000000e+00 0.000000000000000000e+00
1.000000000000000000e+00 5.232511306011972465e+02
1.000000000000000000e+00 5.232511306011972465e+02
1.000000000000000000e+00 5.232511306011972465e+02
1.000000000000000000e+00 5.232511306011972465e+02
0.000000000000000000e+00 0.000000000000000000e+00
0.000000000000000000e+00 0.000000000000000000e+00
0.000000000000000000e+00 0.000000000000000000e+00
0.000000000000000000e+00 0.000000000000000000e+00
0.000000000000000000e+00 0.000000000000000000e+00
0.000000000000000000e+00 0.000000000000000000e+00
1.000000000000000000e+00 5.958724406522327399e+02
1.000000000000000000e+00 5.958724406522327399e+02
1.000000000000000000e+00 5.873295358348151467e+02
1.000000000000000000e+00 5.873295358348151467e+02
1.000000000000000000e+00 5.789091089468005293e+02
1.000000000000000000e+00 5.789091089468005293e+02
1.000000000000000000e+00 5.789091089468005293e+02
1.000000000000000000e+00 5.789091089468005293e+02
1.000000000000000000e+00 5.706094040464442969e+02
1.000000000000000000e+00 5.706094040464442969e+02
1.000000000000000000e+00 5.706094040464442969e+02
1.000000000000000000e+00 5.706094040464442969e+02
1.000000000000000000e+00 5.706094040464442969e+02
1.000000000000000000e+00 5.706094040464442969e+02
0.000000000000000000e+00 0.000000000000000000e+00
0.000000000000000000e+00 0.000000000000000000e+00
0.000000000000000000e+00 0.000000000000000000e+00
0.000000000000000000e+00 0.000000000000000000e+00
0.000000000000000000e+00 0.000000000000000000e+00
0.000000000000000000e+00 0.000000000000000000e+00
0.000000000000000000e+00 0.000000000000000000e+00
0.000000000000000000e+00 0.000000000000000000e+00
1.000000000000000000e+00 1.226665671835119383e+03
1.000000000000000000e+00 1.226665671835119383e+03
1.000000000000000000e+00 1.226665671835119383e+03
0.000000000000000000e+00 0.000000000000000000e+00
0.000000000000000000e+00 0.000000000000000000e+00
0.000000000000000000e+00 0.000000000000000000e+00
0.000000000000000000e+00 0.000000000000000000e+00
0.000000000000000000e+00 0.000000000000000000e+00
0.000000000000000000e+00 0.000000000000000000e+00
0.000000000000000000e+00 0.000000000000000000e+00
0.000000000000000000e+00 0.000000000000000000e+00
0.000000000000000000e+00 0.000000000000000000e+00
0.000000000000000000e+00 0.000000000000000000e+00
0.000000000000000000e+00 0.000000000000000000e+00
0.000000000000000000e+00 0.000000000000000000e+00
0.000000000000000000e+00 0.000000000000000000e+00
0.000000000000000000e+00 0.000000000000000000e+00
0.000000000000000000e+00 0.000000000000000000e+00
0.000000000000000000e+00 0.000000000000000000e+00
0.000000000000000000e+00 0.000000000000000000e+00
0.000000000000000000e+00 0.000000000000000000e+00
0.000000000000000000e+00 0.000000000000000000e+00
0.000000000000000000e+00 0.000000000000000000e+00
0.000000000000000000e+00 0.000000000000000000e+00
0.000000000000000000e+00 0.000000000000000000e+00
0.000000000000000000e+00 0.000000000000000000e+00
0.000000000000000000e+00 0.000000000000000000e+00
1.000000000000000000e+00 1.289373457701176733e+02
1.000000000000000000e+00 1.289373457701176733e+02
1.000000000000000000e+00 1.308127826502993116e+02
1.000000000000000000e+00 1.308127826502993116e+02
1.000000000000000000e+00 1.308127826502993116e+02
1.000000000000000000e+00 1.327154983880573980e+02
1.000000000000000000e+00 1.327154983880573980e+02
1.000000000000000000e+00 1.346458897635120877e+02
1.000000000000000000e+00 1.346458897635120877e+02
1.000000000000000000e+00 1.346458897635120877e+02
1.000000000000000000e+00 1.346458897635120877e+02
0.000000000000000000e+00 0.000000000000000000e+00
1.000000000000000000e+00 1.308127826502993116e+02
1.000000000000000000e+00 1.308127826502993116e+02
1.000000000000000000e+00 1.308127826502993116e+02
1.000000000000000000e+00 1.289373457701176733e+02
1.000000000000000000e+00 6.446867288505882243e+01
1.000000000000000000e+00 6.446867288505882243e+01
1.000000000000000000e+00 6.446867288505882243e+01
1.000000000000000000e+00 1.327154983880573980e+02
0.000000000000000000e+00 0.000000000000000000e+00
0.000000000000000000e+00 0.000000000000000000e+00
0.000000000000000000e+00 0.000000000000000000e+00
0.000000000000000000e+00 0.000000000000000000e+00
1.000000000000000000e+00 6.446867288505882243e+01
1.000000000000000000e+00 6.446867288505882243e+01
1.000000000000000000e+00 6.635774919402871319e+01
1.000000000000000000e+00 6.635774919402871319e+01
1.000000000000000000e+00 6.635774919402871319e+01
1.000000000000000000e+00 6.446867288505882243e+01
1.000000000000000000e+00 6.635774919402871319e+01
1.000000000000000000e+00 6.635774919402871319e+01
1.000000000000000000e+00 6.635774919402871319e+01
1.000000000000000000e+00 6.635774919402871319e+01
1.000000000000000000e+00 6.635774919402871319e+01
1.000000000000000000e+00 6.540639132514965581e+01
1.000000000000000000e+00 6.540639132514965581e+01
1.000000000000000000e+00 6.446867288505882243e+01
0.000000000000000000e+00 0.000000000000000000e+00
0.000000000000000000e+00 0.000000000000000000e+00
0.000000000000000000e+00 0.000000000000000000e+00
0.000000000000000000e+00 0.000000000000000000e+00
0.000000000000000000e+00 0.000000000000000000e+00
0.000000000000000000e+00 0.000000000000000000e+00
0.000000000000000000e+00 0.000000000000000000e+00
0.000000000000000000e+00 0.000000000000000000e+00
1.000000000000000000e+00 2.616255653005986233e+02
0.000000000000000000e+00 0.000000000000000000e+00
0.000000000000000000e+00 0.000000000000000000e+00
0.000000000000000000e+00 0.000000000000000000e+00
0.000000000000000000e+00 0.000000000000000000e+00
1.000000000000000000e+00 6.635774919402871319e+01
1.000000000000000000e+00 6.635774919402871319e+01
1.000000000000000000e+00 6.635774919402871319e+01
1.000000000000000000e+00 6.635774919402871319e+01
1.000000000000000000e+00 6.540639132514965581e+01
1.000000000000000000e+00 6.446867288505882243e+01
1.000000000000000000e+00 6.446867288505882243e+01
0.000000000000000000e+00 0.000000000000000000e+00
0.000000000000000000e+00 0.000000000000000000e+00
0.000000000000000000e+00 0.000000000000000000e+00
0.000000000000000000e+00 0.000000000000000000e+00
1.000000000000000000e+00 6.635774919402871319e+01
1.000000000000000000e+00 6.635774919402871319e+01
1.000000000000000000e+00 6.635774919402871319e+01
1.000000000000000000e+00 6.635774919402871319e+01
0.000000000000000000e+00 0.000000000000000000e+00
0.000000000000000000e+00 0.000000000000000000e+00
0.000000000000000000e+00 0.000000000000000000e+00
0.000000000000000000e+00 0.000000000000000000e+00
0.000000000000000000e+00 0.000000000000000000e+00
0.000000000000000000e+00 0.000000000000000000e+00
0.000000000000000000e+00 0.000000000000000000e+00
1.000000000000000000e+00 5.706094040464442969e+02
1.000000000000000000e+00 1.327154983880573980e+02
1.000000000000000000e+00 1.327154983880573980e+02
1.000000000000000000e+00 1.327154983880573980e+02
0.000000000000000000e+00 0.000000000000000000e+00
1.000000000000000000e+00 1.002133998585888548e+03
1.000000000000000000e+00 1.002133998585888548e+03
0.000000000000000000e+00 0.000000000000000000e+00
0.000000000000000000e+00 0.000000000000000000e+00
0.000000000000000000e+00 0.000000000000000000e+00
1.000000000000000000e+00 6.540639132514965581e+01
1.000000000000000000e+00 6.635774919402871319e+01
0.000000000000000000e+00 0.000000000000000000e+00
0.000000000000000000e+00 0.000000000000000000e+00
0.000000000000000000e+00 0.000000000000000000e+00
0.000000000000000000e+00 0.000000000000000000e+00
0.000000000000000000e+00 0.000000000000000000e+00
0.000000000000000000e+00 0.000000000000000000e+00
1.000000000000000000e+00 5.706094040464442969e+02
1.000000000000000000e+00 5.706094040464442969e+02
1.000000000000000000e+00 1.308127826502993116e+02
1.000000000000000000e+00 5.308619935522295918e+02
1.000000000000000000e+00 5.232511306011972465e+02
0.000000000000000000e+00 0.000000000000000000e+00
0.000000000000000000e+00 0.000000000000000000e+00
0.000000000000000000e+00 0.000000000000000000e+00
1.000000000000000000e+00 2.541775933119000399e+02
1.000000000000000000e+00 2.541775933119000399e+02
1.000000000000000000e+00 2.505334996464721371e+02
1.000000000000000000e+00 2.505334996464721371e+02
1.000000000000000000e+00 2.505334996464721371e+02
1.000000000000000000e+00 2.505334996464721371e+02
1.000000000000000000e+00 4.938833012561241276e+02
1.000000000000000000e+00 4.938833012561241276e+02
0.000000000000000000e+00 0.000000000000000000e+00
0.000000000000000000e+00 0.000000000000000000e+00
0.000000000000000000e+00 0.000000000000000000e+00
0.000000000000000000e+00 0.000000000000000000e+00
1.000000000000000000e+00 6.635774919402871319e+01
1.000000000000000000e+00 6.635774919402871319e+01
1.000000000000000000e+00 6.635774919402871319e+01
0.000000000000000000e+00 0.000000000000000000e+00
0.000000000000000000e+00 0.000000000000000000e+00
1.000000000000000000e+00 6.133328359175596916e+02
1.000000000000000000e+00 6.133328359175596916e+02
1.000000000000000000e+00 6.045396048815591712e+02
1.000000000000000000e+00 1.468323839587037867e+02
1.000000000000000000e+00 1.468323839587037867e+02
1.000000000000000000e+00 1.468323839587037867e+02
1.000000000000000000e+00 1.468323839587037867e+02
1.000000000000000000e+00 6.133328359175596916e+02
1.000000000000000000e+00 2.936647679174075733e+02
1.000000000000000000e+00 2.936647679174075733e+02
1.000000000000000000e+00 2.936647679174075733e+02
1.000000000000000000e+00 2.936647679174075733e+02
1.000000000000000000e+00 2.894545544734002647e+02
1.000000000000000000e+00 2.894545544734002647e+02
1.000000000000000000e+00 2.894545544734002647e+02
1.000000000000000000e+00 2.894545544734002647e+02
1.000000000000000000e+00 2.894545544734002647e+02
1.000000000000000000e+00 5.958724406522327399e+02
0.000000000000000000e+00 0.000000000000000000e+00
0.000000000000000000e+00 0.000000000000000000e+00
1.000000000000000000e+00 3.066664179587798458e+02
1.000000000000000000e+00 3.066664179587798458e+02
0.000000000000000000e+00 0.000000000000000000e+00
1.000000000000000000e+00 2.936647679174075733e+02
1.000000000000000000e+00 2.936647679174075733e+02
1.000000000000000000e+00 5.958724406522327399e+02
1.000000000000000000e+00 5.958724406522327399e+02
1.000000000000000000e+00 5.958724406522327399e+02
1.000000000000000000e+00 1.426523510116110742e+02
1.000000000000000000e+00 1.447272772367001039e+02
1.000000000000000000e+00 1.447272772367001039e+02
1.000000000000000000e+00 1.447272772367001039e+02
1.000000000000000000e+00 1.447272772367001039e+02
1.000000000000000000e+00 1.447272772367001039e+02
1.000000000000000000e+00 1.447272772367001039e+02
1.000000000000000000e+00 1.447272772367001039e+02
1.000000000000000000e+00 1.447272772367001039e+02
0.000000000000000000e+00 0.000000000000000000e+00
0.000000000000000000e+00 0.000000000000000000e+00
1.000000000000000000e+00 1.289373457701176733e+02
0.000000000000000000e+00 0.000000000000000000e+00
0.000000000000000000e+00 0.000000000000000000e+00
0.000000000000000000e+00 0.000000000000000000e+00
1.000000000000000000e+00 1.624508760533449276e+02
1.000000000000000000e+00 1.624508760533449276e+02
1.000000000000000000e+00 1.624508760533449276e+02
1.000000000000000000e+00 1.624508760533449276e+02
1.000000000000000000e+00 1.624508760533449276e+02
1.000000000000000000e+00 1.624508760533449276e+02
1.000000000000000000e+00 8.360552503320130313e+01
1.000000000000000000e+00 1.648137784564349602e+02
1.000000000000000000e+00 8.240688922821749429e+01
1.000000000000000000e+00 8.122543802667246382e+01
1.000000000000000000e+00 8.006092505632030054e+01
1.000000000000000000e+00 8.006092505632030054e+01
1.000000000000000000e+00 8.006092505632030054e+01
1.000000000000000000e+00 2.541775933119000399e+02
0.000000000000000000e+00 0.000000000000000000e+00
1.000000000000000000e+00 1.648137784564349602e+02
1.000000000000000000e+00 1.648137784564349602e+02
1.000000000000000000e+00 1.648137784564349602e+02
1.000000000000000000e+00 1.648137784564349602e+02
1.000000000000000000e+00 8.360552503320130313e+01
1.000000000000000000e+00 8.360552503320130313e+01
0.000000000000000000e+00 0.000000000000000000e+00
0.000000000000000000e+00 0.000000000000000000e+00
0.000000000000000000e+00 0.000000000000000000e+00
0.000000000000000000e+00 0.000000000000000000e+00
0.000000000000000000e+00 0.000000000000000000e+00
0.000000000000000000e+00 0.000000000000000000e+00
0.000000000000000000e+00 0.000000000000000000e+00
1.000000000000000000e+00 1.624508760533449276e+02
1.000000000000000000e+00 1.624508760533449276e+02
1.000000000000000000e+00 1.624508760533449276e+02
1.000000000000000000e+00 8.240688922821749429e+01
1.000000000000000000e+00 8.240688922821749429e+01
1.000000000000000000e+00 8.240688922821749429e+01
1.000000000000000000e+00 8.240688922821749429e+01
1.000000000000000000e+00 8.122543802667246382e+01
1.000000000000000000e+00 8.006092505632030054e+01
1.000000000000000000e+00 8.006092505632030054e+01
1.000000000000000000e+00 3.202437002252812590e+02
1.000000000000000000e+00 3.202437002252812590e+02
0.000000000000000000e+00 0.000000000000000000e+00
1.000000000000000000e+00 1.308127826502993116e+02
1.000000000000000000e+00 1.308127826502993116e+02
1.000000000000000000e+00 8.240688922821749429e+01
1.000000000000000000e+00 1.648137784564349602e+02
1.000000000000000000e+00 8.240688922821749429e+01
1.000000000000000000e+00 8.240688922821749429e+01
1.000000000000000000e+00 1.578262149542100303e+02
1.000000000000000000e+00 1.578262149542100303e+02
0.000000000000000000e+00 0.000000000000000000e+00
1.000000000000000000e+00 1.308127826502993116e+02
1.000000000000000000e+00 1.308127826502993116e+02
1.000000000000000000e+00 1.308127826502993116e+02
1.000000000000000000e+00 7.891310747710502937e+01
1.000000000000000000e+00 8.006092505632030054e+01
1.000000000000000000e+00 8.006092505632030054e+01
1.000000000000000000e+00 8.006092505632030054e+01
1.000000000000000000e+00 8.006092505632030054e+01
1.000000000000000000e+00 8.006092505632030054e+01
1.000000000000000000e+00 8.006092505632030054e+01
1.000000000000000000e+00 8.006092505632030054e+01
1.000000000000000000e+00 1.308127826502993116e+02
1.000000000000000000e+00 8.122543802667246382e+01
1.000000000000000000e+00 8.122543802667246382e+01
1.000000000000000000e+00 8.122543802667246382e+01
1.000000000000000000e+00 8.122543802667246382e+01
1.000000000000000000e+00 8.006092505632030054e+01
1.000000000000000000e+00 8.006092505632030054e+01
1.000000000000000000e+00 8.006092505632030054e+01
0.000000000000000000e+00 0.000000000000000000e+00
0.000000000000000000e+00 0.000000000000000000e+00
0.000000000000000000e+00 0.000000000000000000e+00
0.000000000000000000e+00 0.000000000000000000e+00
0.000000000000000000e+00 0.000000000000000000e+00
1.000000000000000000e+00 8.240688922821749429e+01
1.000000000000000000e+00 8.240688922821749429e+01
1.000000000000000000e+00 8.240688922821749429e+01
1.000000000000000000e+00 8.240688922821749429e+01
1.000000000000000000e+00 1.672110500664026347e+02
0.000000000000000000e+00 0.000000000000000000e+00
0.000000000000000000e+00 0.000000000000000000e+00
0.000000000000000000e+00 0.000000000000000000e+00
0.000000000000000000e+00 0.000000000000000000e+00
0.000000000000000000e+00 0.000000000000000000e+00
0.000000000000000000e+00 0.000000000000000000e+00
0.000000000000000000e+00 0.000000000000000000e+00
0.000000000000000000e+00 0.000000000000000000e+00
0.000000000000000000e+00 0.000000000000000000e+00
0.000000000000000000e+00 0.000000000000000000e+00
0.000000000000000000e+00 0.000000000000000000e+00
0.000000000000000000e+00 0.000000000000000000e+00
0.000000000000000000e+00 0.000000000000000000e+00
1.000000000000000000e+00 1.289373457701176733e+02
1.000000000000000000e+00 1.270887966559500200e+02
0.000000000000000000e+00 0.000000000000000000e+00
0.000000000000000000e+00 0.000000000000000000e+00
0.000000000000000000e+00 0.000000000000000000e+00
0.000000000000000000e+00 0.000000000000000000e+00
0.000000000000000000e+00 0.000000000000000000e+00
0.000000000000000000e+00 0.000000000000000000e+00
0.000000000000000000e+00 0.000000000000000000e+00
0.000000000000000000e+00 0.000000000000000000e+00
0.000000000000000000e+00 0.000000000000000000e+00
0.000000000000000000e+00 0.000000000000000000e+00
0.000000000000000000e+00 0.000000000000000000e+00
0.000000000000000000e+00 0.000000000000000000e+00
0.000000000000000000e+00 0.000000000000000000e+00
0.000000000000000000e+00 0.000000000000000000e+00
0.000000000000000000e+00 0.000000000000000000e+00
0.000000000000000000e+00 0.000000000000000000e+00
0.000000000000000000e+00 0.000000000000000000e+00
0.000000000000000000e+00 0.000000000000000000e+00
0.000000000000000000e+00 0.000000000000000000e+00
0.000000000000000000e+00 0.000000000000000000e+00
0.000000000000000000e+00 0.000000000000000000e+00
0.000000000000000000e+00 0.000000000000000000e+00
0.000000000000000000e+00 0.000000000000000000e+00
0.000000000000000000e+00 0.000000000000000000e+00
0.000000000000000000e+00 0.000000000000000000e+00
0.000000000000000000e+00 0.000000000000000000e+00
0.000000000000000000e+00 0.000000000000000000e+00
0.000000000000000000e+00 0.000000000000000000e+00
0.000000000000000000e+00 0.000000000000000000e+00
0.000000000000000000e+00 0.000000000000000000e+00
0.000000000000000000e+00 0.000000000000000000e+00
0.000000000000000000e+00 0.000000000000000000e+00
0.000000000000000000e+00 0.000000000000000000e+00
0.000000000000000000e+00 0.000000000000000000e+00
0.000000000000000000e+00 0.000000000000000000e+00
0.000000000000000000e+00 0.000000000000000000e+00
0.000000000000000000e+00 0.000000000000000000e+00
0.000000000000000000e+00 0.000000000000000000e+00
0.000000000000000000e+00 0.000000000000000000e+00
0.000000000000000000e+00 0.000000000000000000e+00
0.000000000000000000e+00 0.000000000000000000e+00
0.000000000000000000e+00 0.000000000000000000e+00
0.000000000000000000e+00 0.000000000000000000e+00
0.000000000000000000e+00 0.000000000000000000e+00
0.000000000000000000e+00 0.000000000000000000e+00
0.000000000000000000e+00 0.000000000000000000e+00
0.000000000000000000e+00 0.000000000000000000e+00
0.000000000000000000e+00 0.000000000000000000e+00
0.000000000000000000e+00 0.000000000000000000e+00
0.000000000000000000e+00 0.000000000000000000e+00
