0.000000000000000000e+00 0.000000000000000000e+00
0.000000000000000000e+00 0.000000000000000000e+00
0.000000000000000000e+00 0.000000000000000000e+00
0.000000000000000000e+00 0.000000000000000000e+00
0.000000000000000000e+00 0.000000000000000000e+00
0.000000000000000000e+00 0.000000000000000000e+00
0.000000000000000000e+00 0.000000000000000000e+00
1.000000000000000000e+00 2.692917795270241186e+02
1.000000000000000000e+00 2.654309967761147959e+02
1.000000000000000000e+00 2.654309967761147959e+02
1.000000000000000000e+00 2.654309967761147959e+02
1.000000000000000000e+00 2.654309967761147959e+02
1.000000000000000000e+00 2.654309967761147959e+02
1.000000000000000000e+00 2.692917795270241186e+02
1.000000000000000000e+00 2.732087186561664680e+02
1.000000000000000000e+00 2.732087186561664680e+02
1.000000000000000000e+00 2.771826309768720762e+02
1.000000000000000000e+00 2.771826309768720762e+02
1.000000000000000000e+00 2.771826309768720762e+02
1.000000000000000000e+00 2.771826309768720762e+02
1.000000000000000000e+00 2.692917795270241186e+02
1.000000000000000000e+00 2.616255653005986233e+02
1.000000000000000000e+00 2.616255653005986233e+02
1.000000000000000000e+00 2.578746915402352897e+02
1.000000000000000000e+00 2.578746915402352897e+02
1.000000000000000000e+00 2.578746915402352897e+02
1.000000000000000000e+00 2.578746915402352897e+02
1.000000000000000000e+00 2.541775933119000399e+02
0.000000000000000000e+00 0.000000000000000000e+00
0.000000000000000000e+00 0.000000000000000000e+00
0.000000000000000000e+00 0.000000000000000000e+00
0.000000000000000000e+00 0.000000000000000000e+00
1.000000000000000000e+00 2.469416506280620638e+02
1.000000000000000000e+00 2.469416506280620638e+02
1.000000000000000000e+00 2.469416506280620638e+02
1.000000000000000000e+00 2.469416506280620638e+02
1.000000000000000000e+00 2.505334996464721371e+02
1.000000000000000000e+00 2.505334996464721371e+02
0.000000000000000000e+00 0.000000000000000000e+00
0.000000000000000000e+00 0.000000000000000000e+00
1.000000000000000000e+00 2.771826309768720762e+02
1.000000000000000000e+00 2.812143451832947108e+02
1.000000000000000000e+00 2.812143451832947108e+02
1.000000000000000000e+00 2.771826309768720762e+02
0.000000000000000000e+00 0.000000000000000000e+00
0.000000000000000000e+00 0.000000000000000000e+00
0.000000000000000000e+00 0.000000000000000000e+00
0.000000000000000000e+00 0.000000000000000000e+00
0.000000000000000000e+00 0.000000000000000000e+00
0.000000000000000000e+00 0.000000000000000000e+00
0.000000000000000000e+00 0.000000000000000000e+00
0.000000000000000000e+00 0.000000000000000000e+00
0.000000000000000000e+00 0.000000000000000000e+00
0.000000000000000000e+00 0.000000000000000000e+00
0.000000000000000000e+00 0.000000000000000000e+00
0.000000000000000000e+00 0.000000000000000000e+00
0.000000000000000000e+00 0.000000000000000000e+00
0.000000000000000000e+00 0.000000000000000000e+00
0.000000000000000000e+00 0.000000000000000000e+00
0.000000000000000000e+00 0.000000000000000000e+00
0.000000000000000000e+00 0.000000000000000000e+00
0.000000000000000000e+00 0.000000000000000000e+00
1.000000000000000000e+00 2.200000000000000000e+02
1.000000000000000000e+00 2.200000000000000000e+02
1.000000000000000000e+00 2.200000000000000000e+02
1.000000000000000000e+00 2.106727217536862042e+02
1.000000000000000000e+00 2.076523487899725637e+02
0.000000000000000000e+00 0.000000000000000000e+00
1.000000000000000000e+00 2.200000000000000000e+02
1.000000000000000000e+00 2.264464920615682502e+02
1.000000000000000000e+00 2.264464920615682502e+02
0.000000000000000000e+00 0.000000000000000000e+00
0.000000000000000000e+00 0.000000000000000000e+00
1.000000000000000000e+00 2.137370270537932981e+02
1.000000000000000000e+00 2.137370270537932981e+02
1.000000000000000000e+00 2.200000000000000000e+02
1.000000000000000000e+00 2.200000000000000000e+02
0.000000000000000000e+00 0.000000000000000000e+00
0.000000000000000000e+00 0.000000000000000000e+00
0.000000000000000000e+00 0.000000000000000000e+00
0.000000000000000000e+00 0.000000000000000000e+00
0.000000000000000000e+00 0.000000000000000000e+00
0.000000000000000000e+00 0.000000000000000000e+00
0.000000000000000000e+00 0.000000000000000000e+00
0.000000000000000000e+00 0.000000000000000000e+00
0.000000000000000000e+00 0.000000000000000000e+00
0.000000000000000000e+00 0.000000000000000000e+00
0.000000000000000000e+00 0.000000000000000000e+00
0.000000000000000000e+00 0.000000000000000000e+00
0.000000000000000000e+00 0.000000000000000000e+00
0.000000000000000000e+00 0.000000000000000000e+00
0.000000000000000000e+00 0.000000000000000000e+00
0.000000000000000000e+00 0.000000000000000000e+00
0.000000000000000000e+00 0.000000000000000000e+00
0.000000000000000000e+00 0.000000000000000000e+00
0.000000000000000000e+00 0.000000000000000000e+00
0.000000000000000000e+00 0.000000000000000000e+00
0.000000000000000000e+00 0.000000000000000000e+00
0.000000000000000000e+00 0.000000000000000000e+00
0.000000000000000000e+00 0.000000000000000000e+00
0.000000000000000000e+00 0.000000000000000000e+00
0.000000000000000000e+00 0.000000000000000000e+00
0.000000000000000000e+00 0.000000000000000000e+00
0.000000000000000000e+00 0.000000000000000000e+00
0.000000000000000000e+00 0.000000000000000000e+00
0.000000000000000000e+00 0.000000000000000000e+00
0.000000000000000000e+00 0.000000000000000000e+00
0.000000000000000000e+00 0.000000000000000000e+00
0.000000000000000000e+00 0.000000000000000000e+00
1.000000000000000000e+00 2.469416506280620638e+02
1.000000000000000000e+00 2.505334996464721371e+02
1.000000000000000000e+00 2.505334996464721371e+02
1.000000000000000000e+00 2.505334996464721371e+02
0.000000000000000000e+00 0.000000000000000000e+00
1.000000000000000000e+00 2.692917795270241186e+02
1.000000000000000000e+00 2.732087186561664680e+02
1.000000000000000000e+00 2.732087186561664680e+02
1.000000000000000000e+00 2.732087186561664680e+02
1.000000000000000000e+00 2.771826309768720762e+02
1.000000000000000000e+00 2.771826309768720762e+02
1.000000000000000000e+00 2.771826309768720762e+02
1.000000000000000000e+00 2.771826309768720762e+02
0.000000000000000000e+00 0.000000000000000000e+00
0.000000000000000000e+00 0.000000000000000000e+00
1.000000000000000000e+00 2.541775933119000399e+02
1.000000000000000000e+00 2.541775933119000399e+02
0.000000000000000000e+00 0.000000000000000000e+00
1.000000000000000000e+00 2.771826309768720762e+02
1.000000000000000000e+00 2.812143451832947108e+02
1.000000000000000000e+00 2.812143451832947108e+02
1.000000000000000000e+00 2.812143451832947108e+02
1.000000000000000000e+00 2.812143451832947108e+02
0.000000000000000000e+00 0.000000000000000000e+00
0.000000000000000000e+00 0.000000000000000000e+00
0.000000000000000000e+00 0.000000000000000000e+00
0.000000000000000000e+00 0.000000000000000000e+00
0.000000000000000000e+00 0.000000000000000000e+00
1.000000000000000000e+00 2.616255653005986233e+02
1.000000000000000000e+00 2.578746915402352897e+02
1.000000000000000000e+00 2.578746915402352897e+02
1.000000000000000000e+00 2.578746915402352897e+02
0.000000000000000000e+00 0.000000000000000000e+00
0.000000000000000000e+00 0.000000000000000000e+00
0.000000000000000000e+00 0.000000000000000000e+00
0.000000000000000000e+00 0.000000000000000000e+00
0.000000000000000000e+00 0.000000000000000000e+00
0.000000000000000000e+00 0.000000000000000000e+00
0.000000000000000000e+00 0.000000000000000000e+00
0.000000000000000000e+00 0.000000000000000000e+00
0.000000000000000000e+00 0.000000000000000000e+00
0.000000000000000000e+00 0.000000000000000000e+00
0.000000000000000000e+00 0.000000000000000000e+00
0.000000000000000000e+00 0.000000000000000000e+00
0.000000000000000000e+00 0.000000000000000000e+00
0.000000000000000000e+00 0.000000000000000000e+00
0.000000000000000000e+00 0.000000000000000000e+00
0.000000000000000000e+00 0.000000000000000000e+00
0.000000000000000000e+00 0.000000000000000000e+00
0.000000000000000000e+00 0.000000000000000000e+00
0.000000000000000000e+00 0.000000000000000000e+00
1.000000000000000000e+00 2.330818807590449637e+02
0.000000000000000000e+00 0.000000000000000000e+00
0.000000000000000000e+00 0.000000000000000000e+00
0.000000000000000000e+00 0.000000000000000000e+00
0.000000000000000000e+00 0.000000000000000000e+00
0.000000000000000000e+00 0.000000000000000000e+00
0.000000000000000000e+00 0.000000000000000000e+00
0.000000000000000000e+00 0.000000000000000000e+00
0.000000000000000000e+00 0.000000000000000000e+00
0.000000000000000000e+00 0.000000000000000000e+00
0.000000000000000000e+00 0.000000000000000000e+00
0.000000000000000000e+00 0.000000000000000000e+00
0.000000000000000000e+00 0.000000000000000000e+00
0.000000000000000000e+00 0.000000000000000000e+00
0.000000000000000000e+00 0.000000000000000000e+00
0.000000000000000000e+00 0.000000000000000000e+00
0.000000000000000000e+00 0.000000000000000000e+00
0.000000000000000000e+00 0.000000000000000000e+00
0.000000000000000000e+00 0.000000000000000000e+00
0.000000000000000000e+00 0.000000000000000000e+00
0.000000000000000000e+00 0.000000000000000000e+00
0.000000000000000000e+00 0.000000000000000000e+00
0.000000000000000000e+00 0.000000000000000000e+00
0.000000000000000000e+00 0.000000000000000000e+00
0.000000000000000000e+00 0.000000000000000000e+00
0.000000000000000000e+00 0.000000000000000000e+00
0.000000000000000000e+00 0.000000000000000000e+00
0.000000000000000000e+00 0.000000000000000000e+00
0.000000000000000000e+00 0.000000000000000000e+00
0.000000000000000000e+00 0.000000000000000000e+00
0.000000000000000000e+00 0.000000000000000000e+00
0.000000000000000000e+00 0.000000000000000000e+00
0.000000000000000000e+00 0.000000000000000000e+00
0.000000000000000000e+00 0.000000000000000000e+00
0.000000000000000000e+00 0.000000000000000000e+00
0.000000000000000000e+00 0.000000000000000000e+00
0.000000000000000000e+00 0.000000000000000000e+00
0.000000000000000000e+00 0.000000000000000000e+00
0.000000000000000000e+00 0.000000000000000000e+00
0.000000000000000000e+00 0.000000000000000000e+00
0.000000000000000000e+00 0.000000000000000000e+00
0.000000000000000000e+00 0.000000000000000000e+00
0.000000000000000000e+00 0.000000000000000000e+00
0.000000000000000000e+00 0.000000000000000000e+00
0.000000000000000000e+00 0.000000000000000000e+00
0.000000000000000000e+00 0.000000000000000000e+00
0.000000000000000000e+00 0.000000000000000000e+00
0.000000000000000000e+00 0.000000000000000000e+00
0.000000000000000000e+00 0.000000000000000000e+00
0.000000000000000000e+00 0.000000000000000000e+00
0.000000000000000000e+00 0.000000000000000000e+00
0.000000000000000000e+00 0.000000000000000000e+00
1.000000000000000000e+00 3.392863815897469522e+02
1.000000000000000000e+00 3.344221001328052694e+02
1.000000000000000000e+00 3.344221001328052694e+02
1.000000000000000000e+00 3.296275569128699203e+02
1.000000000000000000e+00 3.249017521066898553e+02
1.000000000000000000e+00 3.296275569128699203e+02
0.000000000000000000e+00 0.000000000000000000e+00
0.000000000000000000e+00 0.000000000000000000e+00
1.000000000000000000e+00 3.753761155149908291e+02
1.000000000000000000e+00 3.753761155149908291e+02
1.000000000000000000e+00 3.699944227116343995e+02
1.000000000000000000e+00 3.646898861689792284e+02
1.000000000000000000e+00 3.646898861689792284e+02
1.000000000000000000e+00 3.646898861689792284e+02
0.000000000000000000e+00 0.000000000000000000e+00
0.000000000000000000e+00 0.000000000000000000e+00
1.000000000000000000e+00 3.392863815897469522e+02
1.000000000000000000e+00 3.392863815897469522e+02
1.000000000000000000e+00 3.392863815897469522e+02
1.000000000000000000e+00 3.392863815897469522e+02
1.000000000000000000e+00 3.392863815897469522e+02
1.000000000000000000e+00 3.392863815897469522e+02
1.000000000000000000e+00 3.492282314330038844e+02
0.000000000000000000e+00 0.000000000000000000e+00
0.000000000000000000e+00 0.000000000000000000e+00
1.000000000000000000e+00 3.808360868427029686e+02
1.000000000000000000e+00 3.808360868427029686e+02
0.000000000000000000e+00 0.000000000000000000e+00
1.000000000000000000e+00 3.594613997130419421e+02
1.000000000000000000e+00 3.594613997130419421e+02
1.000000000000000000e+00 3.594613997130419421e+02
1.000000000000000000e+00 3.699944227116343995e+02
1.000000000000000000e+00 3.808360868427029686e+02
1.000000000000000000e+00 3.919954359817492673e+02
1.000000000000000000e+00 3.919954359817492673e+02
0.000000000000000000e+00 0.000000000000000000e+00
0.000000000000000000e+00 0.000000000000000000e+00
1.000000000000000000e+00 3.594613997130419421e+02
1.000000000000000000e+00 3.594613997130419421e+02
0.000000000000000000e+00 0.000000000000000000e+00
0.000000000000000000e+00 0.000000000000000000e+00
1.000000000000000000e+00 3.919954359817492673e+02
1.000000000000000000e+00 3.919954359817492673e+02
0.000000000000000000e+00 0.000000000000000000e+00
0.000000000000000000e+00 0.000000000000000000e+00
1.000000000000000000e+00 3.543078730288359566e+02
1.000000000000000000e+00 3.543078730288359566e+02
1.000000000000000000e+00 3.543078730288359566e+02
0.000000000000000000e+00 0.000000000000000000e+00
0.000000000000000000e+00 0.000000000000000000e+00
1.000000000000000000e+00 3.919954359817492673e+02
1.000000000000000000e+00 3.919954359817492673e+02
0.000000000000000000e+00 0.000000000000000000e+00
0.000000000000000000e+00 0.000000000000000000e+00
1.000000000000000000e+00 3.543078730288359566e+02
0.000000000000000000e+00 0.000000000000000000e+00
0.000000000000000000e+00 0.000000000000000000e+00
0.000000000000000000e+00 0.000000000000000000e+00
1.000000000000000000e+00 3.919954359817492673e+02
1.000000000000000000e+00 3.919954359817492673e+02
1.000000000000000000e+00 3.753761155149908291e+02
1.000000000000000000e+00 3.699944227116343995e+02
1.000000000000000000e+00 3.753761155149908291e+02
1.000000000000000000e+00 3.753761155149908291e+02
1.000000000000000000e+00 3.753761155149908291e+02
0.000000000000000000e+00 0.000000000000000000e+00
0.000000000000000000e+00 0.000000000000000000e+00
0.000000000000000000e+00 0.000000000000000000e+00
1.000000000000000000e+00 3.296275569128699203e+02
1.000000000000000000e+00 3.296275569128699203e+02
1.000000000000000000e+00 3.296275569128699203e+02
1.000000000000000000e+00 3.296275569128699203e+02
1.000000000000000000e+00 3.296275569128699203e+02
0.000000000000000000e+00 0.000000000000000000e+00
0.000000000000000000e+00 0.000000000000000000e+00
1.000000000000000000e+00 3.753761155149908291e+02
1.000000000000000000e+00 3.753761155149908291e+02
1.000000000000000000e+00 3.753761155149908291e+02
1.000000000000000000e+00 3.808360868427029686e+02
0.000000000000000000e+00 0.000000000000000000e+00
0.000000000000000000e+00 0.000000000000000000e+00
1.000000000000000000e+00 4.093505566269445239e+02
1.000000000000000000e+00 4.093505566269445239e+02
1.000000000000000000e+00 4.093505566269445239e+02
1.000000000000000000e+00 4.093505566269445239e+02
1.000000000000000000e+00 4.093505566269445239e+02
1.000000000000000000e+00 4.093505566269445239e+02
1.000000000000000000e+00 4.093505566269445239e+02
0.000000000000000000e+00 0.000000000000000000e+00
0.000000000000000000e+00 0.000000000000000000e+00
1.000000000000000000e+00 3.808360868427029686e+02
1.000000000000000000e+00 3.808360868427029686e+02
1.000000000000000000e+00 3.808360868427029686e+02
1.000000000000000000e+00 3.753761155149908291e+02
1.000000000000000000e+00 3.753761155149908291e+02
1.000000000000000000e+00 3.753761155149908291e+02
0.000000000000000000e+00 0.000000000000000000e+00
1.000000000000000000e+00 4.034817790100553339e+02
1.000000000000000000e+00 4.093505566269445239e+02
1.000000000000000000e+00 4.093505566269445239e+02
1.000000000000000000e+00 4.093505566269445239e+02
1.000000000000000000e+00 4.093505566269445239e+02
1.000000000000000000e+00 4.093505566269445239e+02
1.000000000000000000e+00 4.093505566269445239e+02
1.000000000000000000e+00 4.034817790100553339e+02
1.000000000000000000e+00 3.976971408920844624e+02
0.000000000000000000e+00 0.000000000000000000e+00
1.000000000000000000e+00 3.753761155149908291e+02
1.000000000000000000e+00 3.699944227116343995e+02
0.000000000000000000e+00 0.000000000000000000e+00
0.000000000000000000e+00 0.000000000000000000e+00
0.000000000000000000e+00 0.000000000000000000e+00
0.000000000000000000e+00 0.000000000000000000e+00
0.000000000000000000e+00 0.000000000000000000e+00
1.000000000000000000e+00 3.296275569128699203e+02
1.000000000000000000e+00 3.296275569128699203e+02
0.000000000000000000e+00 0.000000000000000000e+00
1.000000000000000000e+00 3.111269837220809222e+02
1.000000000000000000e+00 3.156524299084200607e+02
0.000000000000000000e+00 0.000000000000000000e+00
1.000000000000000000e+00 3.344221001328052694e+02
1.000000000000000000e+00 3.344221001328052694e+02
0.000000000000000000e+00 0.000000000000000000e+00
0.000000000000000000e+00 0.000000000000000000e+00
1.000000000000000000e+00 3.066664179587798458e+02
0.000000000000000000e+00 0.000000000000000000e+00
0.000000000000000000e+00 0.000000000000000000e+00
0.000000000000000000e+00 0.000000000000000000e+00
0.000000000000000000e+00 0.000000000000000000e+00
0.000000000000000000e+00 0.000000000000000000e+00
0.000000000000000000e+00 0.000000000000000000e+00
0.000000000000000000e+00 0.000000000000000000e+00
0.000000000000000000e+00 0.000000000000000000e+00
0.000000000000000000e+00 0.000000000000000000e+00
0.000000000000000000e+00 0.000000000000000000e+00
1.000000000000000000e+00 3.202437002252812590e+02
0.000000000000000000e+00 0.000000000000000000e+00
0.000000000000000000e+00 0.000000000000000000e+00
0.000000000000000000e+00 0.000000000000000000e+00
0.000000000000000000e+00 0.000000000000000000e+00
0.000000000000000000e+00 0.000000000000000000e+00
0.000000000000000000e+00 0.000000000000000000e+00
0.000000000000000000e+00 0.000000000000000000e+00
0.000000000000000000e+00 0.000000000000000000e+00
0.000000000000000000e+00 0.000000000000000000e+00
0.000000000000000000e+00 0.000000000000000000e+00
0.000000000000000000e+00 0.000000000000000000e+00
0.000000000000000000e+00 0.000000000000000000e+00
0.000000000000000000e+00 0.000000000000000000e+00
0.000000000000000000e+00 0.000000000000000000e+00
0.000000000000000000e+00 0.000000000000000000e+00
0.000000000000000000e+00 0.000000000000000000e+00
0.000000000000000000e+00 0.000000000000000000e+00
0.000000000000000000e+00 0.000000000000000000e+00
0.000000000000000000e+00 0.000000000000000000e+00
0.000000000000000000e+00 0.000000000000000000e+00
0.000000000000000000e+00 0.000000000000000000e+00
0.000000000000000000e+00 0.000000000000000000e+00
0.000000000000000000e+00 0.000000000000000000e+00
0.000000000000000000e+00 0.000000000000000000e+00
0.000000000000000000e+00 0.000000000000000000e+00
0.000000000000000000e+00 0.000000000000000000e+00
0.000000000000000000e+00 0.000000000000000000e+00
0.000000000000000000e+00 0.000000000000000000e+00
0.000000000000000000e+00 0.000000000000000000e+00
0.000000000000000000e+00 0.000000000000000000e+00
0.000000000000000000e+00 0.000000000000000000e+00
0.000000000000000000e+00 0.000000000000000000e+00
0.000000000000000000e+00 0.000000000000000000e+00
1.000000000000000000e+00 4.463999473725104394e+02
1.000000000000000000e+00 4.463999473725104394e+02
1.000000000000000000e+00 4.400000000000000000e+02
1.000000000000000000e+00 4.336918074016825244e+02
1.000000000000000000e+00 4.336918074016825244e+02
1.000000000000000000e+00 4.336918074016825244e+02
1.000000000000000000e+00 4.336918074016825244e+02
1.000000000000000000e+00 4.336918074016825244e+02
1.000000000000000000e+00 4.336918074016825244e+02
0.000000000000000000e+00 0.000000000000000000e+00
0.000000000000000000e+00 0.000000000000000000e+00
1.000000000000000000e+00 4.594804642680620645e+02
1.000000000000000000e+00 4.528929841231365003e+02
1.000000000000000000e+00 4.463999473725104394e+02
1.000000000000000000e+00 4.400000000000000000e+02
1.000000000000000000e+00 4.400000000000000000e+02
1.000000000000000000e+00 4.400000000000000000e+02
1.000000000000000000e+00 4.400000000000000000e+02
1.000000000000000000e+00 4.400000000000000000e+02
1.000000000000000000e+00 4.400000000000000000e+02
1.000000000000000000e+00 4.400000000000000000e+02
1.000000000000000000e+00 4.400000000000000000e+02
1.000000000000000000e+00 4.400000000000000000e+02
1.000000000000000000e+00 4.400000000000000000e+02
1.000000000000000000e+00 4.400000000000000000e+02
1.000000000000000000e+00 4.400000000000000000e+02
1.000000000000000000e+00 4.400000000000000000e+02
1.000000000000000000e+00 4.400000000000000000e+02
1.000000000000000000e+00 4.400000000000000000e+02
1.000000000000000000e+00 4.400000000000000000e+02
1.000000000000000000e+00 4.400000000000000000e+02
1.000000000000000000e+00 4.400000000000000000e+02
1.000000000000000000e+00 4.400000000000000000e+02
1.000000000000000000e+00 4.400000000000000000e+02
1.000000000000000000e+00 4.400000000000000000e+02
1.000000000000000000e+00 4.400000000000000000e+02
1.000000000000000000e+00 4.400000000000000000e+02
1.000000000000000000e+00 4.400000000000000000e+02
1.000000000000000000e+00 4.400000000000000000e+02
1.000000000000000000e+00 4.400000000000000000e+02
1.000000000000000000e+00 4.400000000000000000e+02
1.000000000000000000e+00 4.400000000000000000e+02
1.000000000000000000e+00 4.400000000000000000e+02
1.000000000000000000e+00 4.400000000000000000e+02
1.000000000000000000e+00 4.400000000000000000e+02
1.000000000000000000e+00 4.400000000000000000e+02
1.000000000000000000e+00 4.400000000000000000e+02
1.000000000000000000e+00 4.400000000000000000e+02
1.000000000000000000e+00 4.400000000000000000e+02
1.000000000000000000e+00 4.400000000000000000e+02
1.000000000000000000e+00 4.400000000000000000e+02
1.000000000000000000e+00 4.400000000000000000e+02
1.000000000000000000e+00 4.400000000000000000e+02
1.000000000000000000e+00 4.400000000000000000e+02
1.000000000000000000e+00 4.400000000000000000e+02
1.000000000000000000e+00 4.400000000000000000e+02
1.000000000000000000e+00 4.400000000000000000e+02
1.000000000000000000e+00 4.400000000000000000e+02
1.000000000000000000e+00 4.400000000000000000e+02
1.000000000000000000e+00 4.400000000000000000e+02
1.000000000000000000e+00 4.400000000000000000e+02
1.000000000000000000e+00 4.400000000000000000e+02
1.000000000000000000e+00 4.400000000000000000e+02
1.000000000000000000e+00 4.400000000000000000e+02
1.000000000000000000e+00 4.400000000000000000e+02
1.000000000000000000e+00 4.400000000000000000e+02
1.000000000000000000e+00 4.400000000000000000e+02
1.000000000000000000e+00 4.400000000000000000e+02
1.000000000000000000e+00 4.400000000000000000e+02
1.000000000000000000e+00 4.400000000000000000e+02
1.000000000000000000e+00 4.400000000000000000e+02
1.000000000000000000e+00 1.760000000000000000e+03
1.000000000000000000e+00 4.400000000000000000e+02
1.000000000000000000e+00 4.400000000000000000e+02
1.000000000000000000e+00 4.400000000000000000e+02
1.000000000000000000e+00 4.400000000000000000e+02
1.000000000000000000e+00 4.400000000000000000e+02
1.000000000000000000e+00 4.400000000000000000e+02
1.000000000000000000e+00 4.400000000000000000e+02
1.000000000000000000e+00 4.400000000000000000e+02
1.000000000000000000e+00 4.400000000000000000e+02
1.000000000000000000e+00 4.400000000000000000e+02
1.000000000000000000e+00 4.400000000000000000e+02
1.000000000000000000e+00 4.400000000000000000e+02
1.000000000000000000e+00 4.400000000000000000e+02
1.000000000000000000e+00 1.760000000000000000e+03
1.000000000000000000e+00 4.400000000000000000e+02
1.000000000000000000e+00 4.400000000000000000e+02
1.000000000000000000e+00 4.400000000000000000e+02
1.000000000000000000e+00 4.400000000000000000e+02
1.000000000000000000e+00 4.400000000000000000e+02
1.000000000000000000e+00 4.400000000000000000e+02
1.000000000000000000e+00 4.400000000000000000e+02
1.000000000000000000e+00 4.400000000000000000e+02
0.000000000000000000e+00 0.000000000000000000e+00
1.000000000000000000e+00 4.336918074016825244e+02
1.000000000000000000e+00 4.336918074016825244e+02
1.000000000000000000e+00 4.336918074016825244e+02
1.000000000000000000e+00 4.400000000000000000e+02
1.000000000000000000e+00 4.400000000000000000e+02
1.000000000000000000e+00 4.400000000000000000e+02
1.000000000000000000e+00 4.400000000000000000e+02
1.000000000000000000e+00 4.400000000000000000e+02
1.000000000000000000e+00 4.400000000000000000e+02
1.000000000000000000e+00 4.400000000000000000e+02
1.000000000000000000e+00 4.400000000000000000e+02
1.000000000000000000e+00 4.400000000000000000e+02
1.000000000000000000e+00 4.400000000000000000e+02
1.000000000000000000e+00 4.400000000000000000e+02
0.000000000000000000e+00 0.000000000000000000e+00
0.000000000000000000e+00 0.000000000000000000e+00
0.000000000000000000e+00 0.000000000000000000e+00
0.000000000000000000e+00 0.000000000000000000e+00
0.000000000000000000e+00 0.000000000000000000e+00
0.000000000000000000e+00 0.000000000000000000e+00
0.000000000000000000e+00 0.000000000000000000e+00
0.000000000000000000e+00 0.000000000000000000e+00
0.000000000000000000e+00 0.000000000000000000e+00
0.000000000000000000e+00 0.000000000000000000e+00
0.000000000000000000e+00 0.000000000000000000e+00
0.000000000000000000e+00 0.000000000000000000e+00
0.000000000000000000e+00 0.000000000000000000e+00
0.000000000000000000e+00 0.000000000000000000e+00
0.000000000000000000e+00 0.000000000000000000e+00
0.000000000000000000e+00 0.000000000000000000e+00
0.000000000000000000e+00 0.000000000000000000e+00
0.000000000000000000e+00 0.000000000000000000e+00
0.000000000000000000e+00 0.000000000000000000e+00
0.000000000000000000e+00 0.000000000000000000e+00
0.000000000000000000e+00 0.000000000000000000e+00
0.000000000000000000e+00 0.000000000000000000e+00
0.000000000000000000e+00 0.000000000000000000e+00
0.000000000000000000e+00 0.000000000000000000e+00
0.000000000000000000e+00 0.000000000000000000e+00
0.000000000000000000e+00 0.000000000000000000e+00
0.000000000000000000e+00 0.000000000000000000e+00
0.000000000000000000e+00 0.000000000000000000e+00
0.000000000000000000e+00 0.000000000000000000e+00
0.000000000000000000e+00 0.000000000000000000e+00
0.000000000000000000e+00 0.000000000000000000e+00
0.000000000000000000e+00 0.000000000000000000e+00
0.000000000000000000e+00 0.000000000000000000e+00
0.000000000000000000e+00 0.000000000000000000e+00
0.000000000000000000e+00 0.000000000000000000e+00
0.000000000000000000e+00 0.000000000000000000e+00
0.000000000000000000e+00 0.000000000000000000e+00
0.000000000000000000e+00 0.000000000000000000e+00
0.000000000000000000e+00 0.000000000000000000e+00
0.000000000000000000e+00 0.000000000000000000e+00
1.000000000000000000e+00 4.400000000000000000e+02
1.000000000000000000e+00 4.400000000000000000e+02
1.000000000000000000e+00 4.400000000000000000e+02
1.000000000000000000e+00 4.400000000000000000e+02
0.000000000000000000e+00 0.000000000000000000e+00
0.000000000000000000e+00 0.000000000000000000e+00
0.000000000000000000e+00 0.000000000000000000e+00
0.000000000000000000e+00 0.000000000000000000e+00
1.000000000000000000e+00 4.400000000000000000e+02
1.000000000000000000e+00 4.400000000000000000e+02
1.000000000000000000e+00 4.400000000000000000e+02
1.000000000000000000e+00 4.400000000000000000e+02
1.000000000000000000e+00 4.400000000000000000e+02
1.000000000000000000e+00 4.400000000000000000e+02
1.000000000000000000e+00 4.400000000000000000e+02
1.000000000000000000e+00 4.400000000000000000e+02
1.000000000000000000e+00 4.400000000000000000e+02
1.000000000000000000e+00 4.400000000000000000e+02
1.000000000000000000e+00 4.400000000000000000e+02
1.000000000000000000e+00 4.400000000000000000e+02
1.000000000000000000e+00 4.400000000000000000e+02
1.000000000000000000e+00 4.400000000000000000e+02
1.000000000000000000e+00 4.400000000000000000e+02
1.000000000000000000e+00 4.400000000000000000e+02
1.000000000000000000e+00 4.400000000000000000e+02
1.000000000000000000e+00 4.400000000000000000e+02
1.000000000000000000e+00 4.400000000000000000e+02
1.000000000000000000e+00 4.400000000000000000e+02
1.000000000000000000e+00 4.400000000000000000e+02
0.000000000000000000e+00 0.000000000000000000e+00
0.000000000000000000e+00 0.000000000000000000e+00
0.000000000000000000e+00 0.000000000000000000e+00
0.000000000000000000e+00 0.000000000000000000e+00
1.000000000000000000e+00 5.010669992929442742e+02
1.000000000000000000e+00 4.938833012561241276e+02
1.000000000000000000e+00 4.868025944710867066e+02
1.000000000000000000e+00 4.868025944710867066e+02
1.000000000000000000e+00 4.868025944710867066e+02
1.000000000000000000e+00 4.868025944710867066e+02
1.000000000000000000e+00 4.868025944710867066e+02
0.000000000000000000e+00 0.000000000000000000e+00
0.000000000000000000e+00 0.000000000000000000e+00
1.000000000000000000e+00 4.463999473725104394e+02
1.000000000000000000e+00 4.463999473725104394e+02
1.000000000000000000e+00 4.463999473725104394e+02
1.000000000000000000e+00 4.400000000000000000e+02
1.000000000000000000e+00 4.336918074016825244e+02
1.000000000000000000e+00 4.336918074016825244e+02
1.000000000000000000e+00 4.336918074016825244e+02
1.000000000000000000e+00 4.336918074016825244e+02
1.000000000000000000e+00 4.400000000000000000e+02
1.000000000000000000e+00 4.463999473725104394e+02
1.000000000000000000e+00 4.463999473725104394e+02
1.000000000000000000e+00 4.463999473725104394e+02
1.000000000000000000e+00 4.400000000000000000e+02
1.000000000000000000e+00 4.336918074016825244e+02
1.000000000000000000e+00 4.336918074016825244e+02
1.000000000000000000e+00 4.336918074016825244e+02
1.000000000000000000e+00 4.400000000000000000e+02
1.000000000000000000e+00 4.400000000000000000e+02
1.000000000000000000e+00 4.463999473725104394e+02
1.000000000000000000e+00 4.463999473725104394e+02
1.000000000000000000e+00 4.463999473725104394e+02
1.000000000000000000e+00 4.400000000000000000e+02
1.000000000000000000e+00 4.336918074016825244e+02
1.000000000000000000e+00 4.336918074016825244e+02
1.000000000000000000e+00 4.336918074016825244e+02
1.000000000000000000e+00 4.336918074016825244e+02
1.000000000000000000e+00 4.400000000000000000e+02
1.000000000000000000e+00 4.463999473725104394e+02
1.000000000000000000e+00 4.463999473725104394e+02
1.000000000000000000e+00 4.463999473725104394e+02
1.000000000000000000e+00 4.400000000000000000e+02
1.000000000000000000e+00 4.400000000000000000e+02
1.000000000000000000e+00 4.336918074016825244e+02
1.000000000000000000e+00 4.336918074016825244e+02
1.000000000000000000e+00 4.336918074016825244e+02
1.000000000000000000e+00 4.336918074016825244e+02
1.000000000000000000e+00 4.400000000000000000e+02
1.000000000000000000e+00 4.463999473725104394e+02
1.000000000000000000e+00 4.463999473725104394e+02
1.000000000000000000e+00 4.400000000000000000e+02
1.000000000000000000e+00 4.400000000000000000e+02
1.000000000000000000e+00 4.336918074016825244e+02
1.000000000000000000e+00 4.336918074016825244e+02
1.000000000000000000e+00 4.400000000000000000e+02
1.000000000000000000e+00 4.400000000000000000e+02
1.000000000000000000e+00 4.463999473725104394e+02
1.000000000000000000e+00 4.463999473725104394e+02
1.000000000000000000e+00 4.400000000000000000e+02
0.000000000000000000e+00 0.000000000000000000e+00
1.000000000000000000e+00 4.213454435073724085e+02
1.000000000000000000e+00 4.274740541075865963e+02
0.000000000000000000e+00 0.000000000000000000e+00
0.000000000000000000e+00 0.000000000000000000e+00
0.000000000000000000e+00 0.000000000000000000e+00
0.000000000000000000e+00 0.000000000000000000e+00
0.000000000000000000e+00 0.000000000000000000e+00
0.000000000000000000e+00 0.000000000000000000e+00
0.000000000000000000e+00 0.000000000000000000e+00
0.000000000000000000e+00 0.000000000000000000e+00
0.000000000000000000e+00 0.000000000000000000e+00
0.000000000000000000e+00 0.000000000000000000e+00
0.000000000000000000e+00 0.000000000000000000e+00
0.000000000000000000e+00 0.000000000000000000e+00
0.000000000000000000e+00 0.000000000000000000e+00
0.000000000000000000e+00 0.000000000000000000e+00
0.000000000000000000e+00 0.000000000000000000e+00
0.000000000000000000e+00 0.000000000000000000e+00
0.000000000000000000e+00 0.000000000000000000e+00
0.000000000000000000e+00 0.000000000000000000e+00
0.000000000000000000e+00 0.000000000000000000e+00
0.000000000000000000e+00 0.000000000000000000e+00
0.000000000000000000e+00 0.000000000000000000e+00
0.000000000000000000e+00 0.000000000000000000e+00
0.000000000000000000e+00 0.000000000000000000e+00
0.000000000000000000e+00 0.000000000000000000e+00
0.000000000000000000e+00 0.000000000000000000e+00
1.000000000000000000e+00 4.729442695651064241e+02
0.000000000000000000e+00 0.000000000000000000e+00
0.000000000000000000e+00 0.000000000000000000e+00
1.000000000000000000e+00 4.463999473725104394e+02
1.000000000000000000e+00 4.463999473725104394e+02
1.000000000000000000e+00 4.528929841231365003e+02
1.000000000000000000e+00 4.528929841231365003e+02
0.000000000000000000e+00 0.000000000000000000e+00
0.000000000000000000e+00 0.000000000000000000e+00
1.000000000000000000e+00 4.153046975799451275e+02
0.000000000000000000e+00 0.000000000000000000e+00
0.000000000000000000e+00 0.000000000000000000e+00
1.000000000000000000e+00 4.336918074016825244e+02
1.000000000000000000e+00 4.274740541075865963e+02
1.000000000000000000e+00 4.213454435073724085e+02
1.000000000000000000e+00 4.213454435073724085e+02
1.000000000000000000e+00 4.274740541075865963e+02
1.000000000000000000e+00 4.336918074016825244e+02
1.000000000000000000e+00 4.274740541075865963e+02
1.000000000000000000e+00 4.213454435073724085e+02
1.000000000000000000e+00 4.213454435073724085e+02
1.000000000000000000e+00 4.274740541075865963e+02
1.000000000000000000e+00 4.336918074016825244e+02
1.000000000000000000e+00 4.400000000000000000e+02
1.000000000000000000e+00 4.336918074016825244e+02
1.000000000000000000e+00 4.274740541075865963e+02
1.000000000000000000e+00 4.274740541075865963e+02
1.000000000000000000e+00 4.213454435073724085e+02
1.000000000000000000e+00 4.213454435073724085e+02
1.000000000000000000e+00 4.274740541075865963e+02
1.000000000000000000e+00 4.213454435073724085e+02
1.000000000000000000e+00 4.213454435073724085e+02
1.000000000000000000e+00 4.213454435073724085e+02
1.000000000000000000e+00 4.213454435073724085e+02
1.000000000000000000e+00 4.213454435073724085e+02
1.000000000000000000e+00 4.213454435073724085e+02
1.000000000000000000e+00 4.213454435073724085e+02
1.000000000000000000e+00 4.213454435073724085e+02
1.000000000000000000e+00 4.213454435073724085e+02
0.000000000000000000e+00 0.000000000000000000e+00
0.000000000000000000e+00 0.000000000000000000e+00
1.000000000000000000e+00 4.213454435073724085e+02
1.000000000000000000e+00 4.213454435073724085e+02
1.000000000000000000e+00 4.213454435073724085e+02
1.000000000000000000e+00 4.213454435073724085e+02
1.000000000000000000e+00 4.213454435073724085e+02
1.000000000000000000e+00 4.213454435073724085e+02
1.000000000000000000e+00 4.213454435073724085e+02
1.000000000000000000e+00 4.213454435073724085e+02
1.000000000000000000e+00 4.274740541075865963e+02
1.000000000000000000e+00 4.274740541075865963e+02
1.000000000000000000e+00 4.274740541075865963e+02
1.000000000000000000e+00 4.274740541075865963e+02
0.000000000000000000e+00 0.000000000000000000e+00
1.000000000000000000e+00 4.213454435073724085e+02
1.000000000000000000e+00 4.213454435073724085e+02
0.000000000000000000e+00 0.000000000000000000e+00
0.000000000000000000e+00 0.000000000000000000e+00
0.000000000000000000e+00 0.000000000000000000e+00
0.000000000000000000e+00 0.000000000000000000e+00
1.000000000000000000e+00 4.274740541075865963e+02
1.000000000000000000e+00 4.213454435073724085e+02
1.000000000000000000e+00 4.213454435073724085e+02
1.000000000000000000e+00 4.274740541075865963e+02
1.000000000000000000e+00 4.336918074016825244e+02
1.000000000000000000e+00 4.336918074016825244e+02
1.000000000000000000e+00 4.336918074016825244e+02
0.000000000000000000e+00 0.000000000000000000e+00
0.000000000000000000e+00 0.000000000000000000e+00
0.000000000000000000e+00 0.000000000000000000e+00
0.000000000000000000e+00 0.000000000000000000e+00
0.000000000000000000e+00 0.000000000000000000e+00
0.000000000000000000e+00 0.000000000000000000e+00
0.000000000000000000e+00 0.000000000000000000e+00
0.000000000000000000e+00 0.000000000000000000e+00
0.000000000000000000e+00 0.000000000000000000e+00
0.000000000000000000e+00 0.000000000000000000e+00
0.000000000000000000e+00 0.000000000000000000e+00
0.000000000000000000e+00 0.000000000000000000e+00
0.000000000000000000e+00 0.000000000000000000e+00
0.000000000000000000e+00 0.000000000000000000e+00
0.000000000000000000e+00 0.000000000000000000e+00
0.000000000000000000e+00 0.000000000000000000e+00
0.000000000000000000e+00 0.000000000000000000e+00
1.000000000000000000e+00 4.463999473725104394e+02
1.000000000000000000e+00 4.463999473725104394e+02
1.000000000000000000e+00 4.463999473725104394e+02
1.000000000000000000e+00 4.528929841231365003e+02
1.000000000000000000e+00 4.528929841231365003e+02
1.000000000000000000e+00 4.528929841231365003e+02
1.000000000000000000e+00 4.463999473725104394e+02
1.000000000000000000e+00 4.400000000000000000e+02
1.000000000000000000e+00 4.336918074016825244e+02
0.000000000000000000e+00 0.000000000000000000e+00
0.000000000000000000e+00 0.000000000000000000e+00
0.000000000000000000e+00 0.000000000000000000e+00
0.000000000000000000e+00 0.000000000000000000e+00
1.000000000000000000e+00 4.938833012561241276e+02
1.000000000000000000e+00 5.010669992929442742e+02
1.000000000000000000e+00 5.010669992929442742e+02
1.000000000000000000e+00 5.010669992929442742e+02
1.000000000000000000e+00 4.938833012561241276e+02
0.000000000000000000e+00 0.000000000000000000e+00
0.000000000000000000e+00 0.000000000000000000e+00
0.000000000000000000e+00 0.000000000000000000e+00
1.000000000000000000e+00 4.463999473725104394e+02
1.000000000000000000e+00 4.463999473725104394e+02
1.000000000000000000e+00 4.463999473725104394e+02
1.000000000000000000e+00 4.463999473725104394e+02
1.000000000000000000e+00 4.528929841231365003e+02
1.000000000000000000e+00 4.528929841231365003e+02
1.000000000000000000e+00 4.463999473725104394e+02
1.000000000000000000e+00 4.463999473725104394e+02
1.000000000000000000e+00 4.463999473725104394e+02
1.000000000000000000e+00 4.463999473725104394e+02
1.000000000000000000e+00 4.463999473725104394e+02
1.000000000000000000e+00 4.463999473725104394e+02
1.000000000000000000e+00 4.463999473725104394e+02
1.000000000000000000e+00 4.463999473725104394e+02
1.000000000000000000e+00 4.463999473725104394e+02
1.000000000000000000e+00 4.463999473725104394e+02
1.000000000000000000e+00 4.463999473725104394e+02
1.000000000000000000e+00 4.463999473725104394e+02
1.000000000000000000e+00 4.463999473725104394e+02
1.000000000000000000e+00 4.400000000000000000e+02
1.000000000000000000e+00 4.400000000000000000e+02
1.000000000000000000e+00 4.400000000000000000e+02
1.000000000000000000e+00 4.400000000000000000e+02
1.000000000000000000e+00 4.400000000000000000e+02
1.000000000000000000e+00 4.400000000000000000e+02
1.000000000000000000e+00 4.400000000000000000e+02
1.000000000000000000e+00 4.400000000000000000e+02
1.000000000000000000e+00 4.400000000000000000e+02
1.000000000000000000e+00 4.400000000000000000e+02
1.000000000000000000e+00 4.400000000000000000e+02
1.000000000000000000e+00 4.400000000000000000e+02
1.000000000000000000e+00 4.400000000000000000e+02
1.000000000000000000e+00 4.400000000000000000e+02
1.000000000000000000e+00 4.336918074016825244e+02
1.000000000000000000e+00 4.336918074016825244e+02
1.000000000000000000e+00 4.336918074016825244e+02
1.000000000000000000e+00 4.336918074016825244e+02
1.000000000000000000e+00 4.336918074016825244e+02
1.000000000000000000e+00 4.336918074016825244e+02
1.000000000000000000e+00 4.400000000000000000e+02
1.000000000000000000e+00 4.400000000000000000e+02
1.000000000000000000e+00 4.400000000000000000e+02
1.000000000000000000e+00 4.400000000000000000e+02
1.000000000000000000e+00 4.400000000000000000e+02
1.000000000000000000e+00 4.400000000000000000e+02
1.000000000000000000e+00 4.400000000000000000e+02
1.000000000000000000e+00 4.400000000000000000e+02
1.000000000000000000e+00 4.400000000000000000e+02
1.000000000000000000e+00 4.400000000000000000e+02
1.000000000000000000e+00 4.400000000000000000e+02
1.000000000000000000e+00 4.400000000000000000e+02
1.000000000000000000e+00 4.400000000000000000e+02
1.000000000000000000e+00 4.400000000000000000e+02
1.000000000000000000e+00 4.400000000000000000e+02
1.000000000000000000e+00 4.400000000000000000e+02
1.000000000000000000e+00 4.400000000000000000e+02
1.000000000000000000e+00 4.336918074016825244e+02
1.000000000000000000e+00 4.336918074016825244e+02
1.000000000000000000e+00 4.336918074016825244e+02
1.000000000000000000e+00 4.400000000000000000e+02
1.000000000000000000e+00 4.400000000000000000e+02
1.000000000000000000e+00 4.463999473725104394e+02
0.000000000000000000e+00 0.000000000000000000e+00
1.000000000000000000e+00 5.157493830804706931e+02
1.000000000000000000e+00 5.232511306011972465e+02
1.000000000000000000e+00 5.232511306011972465e+02
1.000000000000000000e+00 5.308619935522295918e+02
1.000000000000000000e+00 5.308619935522295918e+02
1.000000000000000000e+00 5.308619935522295918e+02
0.000000000000000000e+00 0.000000000000000000e+00
0.000000000000000000e+00 0.000000000000000000e+00
1.000000000000000000e+00 5.706094040464442969e+02
1.000000000000000000e+00 5.706094040464442969e+02
1.000000000000000000e+00 5.706094040464442969e+02
0.000000000000000000e+00 0.000000000000000000e+00
1.000000000000000000e+00 5.543652619537441524e+02
1.000000000000000000e+00 5.543652619537441524e+02
1.000000000000000000e+00 5.543652619537441524e+02
1.000000000000000000e+00 5.543652619537441524e+02
1.000000000000000000e+00 5.543652619537441524e+02
1.000000000000000000e+00 5.543652619537441524e+02
0.000000000000000000e+00 0.000000000000000000e+00
0.000000000000000000e+00 0.000000000000000000e+00
1.000000000000000000e+00 5.308619935522295918e+02
1.000000000000000000e+00 5.232511306011972465e+02
1.000000000000000000e+00 5.232511306011972465e+02
1.000000000000000000e+00 5.232511306011972465e+02
1.000000000000000000e+00 5.232511306011972465e+02
1.000000000000000000e+00 5.232511306011972465e+02
0.000000000000000000e+00 0.000000000000000000e+00
0.000000000000000000e+00 0.000000000000000000e+00
0.000000000000000000e+00 0.000000000000000000e+00
1.000000000000000000e+00 5.706094040464442969e+02
1.000000000000000000e+00 5.706094040464442969e+02
1.000000000000000000e+00 5.706094040464442969e+02
1.000000000000000000e+00 5.706094040464442969e+02
1.000000000000000000e+00 5.706094040464442969e+02
1.000000000000000000e+00 5.706094040464442969e+02
0.000000000000000000e+00 0.000000000000000000e+00
1.000000000000000000e+00 5.543652619537441524e+02
0.000000000000000000e+00 0.000000000000000000e+00
1.000000000000000000e+00 5.385835590540483508e+02
1.000000000000000000e+00 5.308619935522295918e+02
0.000000000000000000e+00 0.000000000000000000e+00
0.000000000000000000e+00 0.000000000000000000e+00
1.000000000000000000e+00 4.336918074016825244e+02
1.000000000000000000e+00 4.336918074016825244e+02
1.000000000000000000e+00 4.336918074016825244e+02
1.000000000000000000e+00 4.336918074016825244e+02
1.000000000000000000e+00 4.400000000000000000e+02
1.000000000000000000e+00 4.400000000000000000e+02
1.000000000000000000e+00 4.463999473725104394e+02
1.000000000000000000e+00 4.463999473725104394e+02
0.000000000000000000e+00 0.000000000000000000e+00
0.000000000000000000e+00 0.000000000000000000e+00
0.000000000000000000e+00 0.000000000000000000e+00
0.000000000000000000e+00 0.000000000000000000e+00
1.000000000000000000e+00 4.274740541075865963e+02
1.000000000000000000e+00 4.336918074016825244e+02
1.000000000000000000e+00 4.336918074016825244e+02
1.000000000000000000e+00 4.274740541075865963e+02
1.000000000000000000e+00 4.213454435073724085e+02
1.000000000000000000e+00 4.213454435073724085e+02
0.000000000000000000e+00 0.000000000000000000e+00
1.000000000000000000e+00 4.400000000000000000e+02
1.000000000000000000e+00 4.463999473725104394e+02
1.000000000000000000e+00 4.463999473725104394e+02
1.000000000000000000e+00 4.463999473725104394e+02
1.000000000000000000e+00 4.400000000000000000e+02
1.000000000000000000e+00 4.274740541075865963e+02
1.000000000000000000e+00 4.213454435073724085e+02
1.000000000000000000e+00 4.213454435073724085e+02
0.000000000000000000e+00 0.000000000000000000e+00
0.000000000000000000e+00 0.000000000000000000e+00
1.000000000000000000e+00 4.463999473725104394e+02
1.000000000000000000e+00 4.528929841231365003e+02
1.000000000000000000e+00 4.463999473725104394e+02
0.000000000000000000e+00 0.000000000000000000e+00
0.000000000000000000e+00 0.000000000000000000e+00
0.000000000000000000e+00 0.000000000000000000e+00
1.000000000000000000e+00 4.213454435073724085e+02
0.000000000000000000e+00 0.000000000000000000e+00
0.000000000000000000e+00 0.000000000000000000e+00
1.000000000000000000e+00 4.463999473725104394e+02
1.000000000000000000e+00 4.463999473725104394e+02
1.000000000000000000e+00 4.463999473725104394e+02
1.000000000000000000e+00 4.463999473725104394e+02
1.000000000000000000e+00 4.463999473725104394e+02
1.000000000000000000e+00 4.400000000000000000e+02
1.000000000000000000e+00 4.336918074016825244e+02
1.000000000000000000e+00 4.274740541075865963e+02
1.000000000000000000e+00 4.274740541075865963e+02
0.000000000000000000e+00 0.000000000000000000e+00
0.000000000000000000e+00 0.000000000000000000e+00
0.000000000000000000e+00 0.000000000000000000e+00
1.000000000000000000e+00 4.528929841231365003e+02
1.000000000000000000e+00 4.463999473725104394e+02
1.000000000000000000e+00 4.400000000000000000e+02
1.000000000000000000e+00 4.336918074016825244e+02
1.000000000000000000e+00 4.336918074016825244e+02
1.000000000000000000e+00 4.336918074016825244e+02
0.000000000000000000e+00 0.000000000000000000e+00
0.000000000000000000e+00 0.000000000000000000e+00
1.000000000000000000e+00 4.528929841231365003e+02
1.000000000000000000e+00 4.594804642680620645e+02
1.000000000000000000e+00 4.528929841231365003e+02
0.000000000000000000e+00 0.000000000000000000e+00
0.000000000000000000e+00 0.000000000000000000e+00
0.000000000000000000e+00 0.000000000000000000e+00
1.000000000000000000e+00 4.213454435073724085e+02
0.000000000000000000e+00 0.000000000000000000e+00
0.000000000000000000e+00 0.000000000000000000e+00
0.000000000000000000e+00 0.000000000000000000e+00
1.000000000000000000e+00 4.528929841231365003e+02
1.000000000000000000e+00 4.528929841231365003e+02
0.000000000000000000e+00 0.000000000000000000e+00
1.000000000000000000e+00 4.400000000000000000e+02
0.000000000000000000e+00 0.000000000000000000e+00
0.000000000000000000e+00 0.000000000000000000e+00
1.000000000000000000e+00 4.213454435073724085e+02
1.000000000000000000e+00 4.274740541075865963e+02
0.000000000000000000e+00 0.000000000000000000e+00
1.000000000000000000e+00 4.463999473725104394e+02
1.000000000000000000e+00 4.463999473725104394e+02
1.000000000000000000e+00 4.528929841231365003e+02
1.000000000000000000e+00 4.463999473725104394e+02
0.000000000000000000e+00 0.000000000000000000e+00
1.000000000000000000e+00 4.336918074016825244e+02
1.000000000000000000e+00 4.336918074016825244e+02
1.000000000000000000e+00 4.336918074016825244e+02
0.000000000000000000e+00 0.000000000000000000e+00
1.000000000000000000e+00 4.463999473725104394e+02
1.000000000000000000e+00 4.463999473725104394e+02
1.000000000000000000e+00 4.463999473725104394e+02
1.000000000000000000e+00 4.463999473725104394e+02
1.000000000000000000e+00 4.400000000000000000e+02
1.000000000000000000e+00 4.400000000000000000e+02
1.000000000000000000e+00 4.336918074016825244e+02
1.000000000000000000e+00 4.274740541075865963e+02
1.000000000000000000e+00 4.274740541075865963e+02
1.000000000000000000e+00 4.336918074016825244e+02
1.000000000000000000e+00 4.400000000000000000e+02
1.000000000000000000e+00 4.463999473725104394e+02
1.000000000000000000e+00 4.463999473725104394e+02
1.000000000000000000e+00 4.463999473725104394e+02
1.000000000000000000e+00 4.463999473725104394e+02
1.000000000000000000e+00 4.400000000000000000e+02
1.000000000000000000e+00 4.336918074016825244e+02
1.000000000000000000e+00 4.336918074016825244e+02
1.000000000000000000e+00 4.336918074016825244e+02
1.000000000000000000e+00 4.336918074016825244e+02
1.000000000000000000e+00 4.400000000000000000e+02
1.000000000000000000e+00 4.463999473725104394e+02
1.000000000000000000e+00 4.463999473725104394e+02
1.000000000000000000e+00 4.463999473725104394e+02
1.000000000000000000e+00 4.400000000000000000e+02
1.000000000000000000e+00 4.400000000000000000e+02
1.000000000000000000e+00 4.336918074016825244e+02
1.000000000000000000e+00 4.336918074016825244e+02
1.000000000000000000e+00 4.336918074016825244e+02
1.000000000000000000e+00 4.400000000000000000e+02
0.000000000000000000e+00 0.000000000000000000e+00
1.000000000000000000e+00 4.528929841231365003e+02
1.000000000000000000e+00 4.528929841231365003e+02
0.000000000000000000e+00 0.000000000000000000e+00
1.000000000000000000e+00 4.336918074016825244e+02
1.000000000000000000e+00 4.336918074016825244e+02
1.000000000000000000e+00 4.336918074016825244e+02
1.000000000000000000e+00 4.400000000000000000e+02
1.000000000000000000e+00 4.463999473725104394e+02
1.000000000000000000e+00 4.463999473725104394e+02
0.000000000000000000e+00 0.000000000000000000e+00
0.000000000000000000e+00 0.000000000000000000e+00
0.000000000000000000e+00 0.000000000000000000e+00
0.000000000000000000e+00 0.000000000000000000e+00
0.000000000000000000e+00 0.000000000000000000e+00
0.000000000000000000e+00 0.000000000000000000e+00
0.000000000000000000e+00 0.000000000000000000e+00
0.000000000000000000e+00 0.000000000000000000e+00
0.000000000000000000e+00 0.000000000000000000e+00
0.000000000000000000e+00 0.000000000000000000e+00
0.000000000000000000e+00 0.000000000000000000e+00
0.000000000000000000e+00 0.000000000000000000e+00
0.000000000000000000e+00 0.000000000000000000e+00
0.000000000000000000e+00 0.000000000000000000e+00
0.000000000000000000e+00 0.000000000000000000e+00
0.000000000000000000e+00 0.000000000000000000e+00
0.000000000000000000e+00 0.000000000000000000e+00
1.000000000000000000e+00 4.336918074016825244e+02
1.000000000000000000e+00 4.336918074016825244e+02
0.000000000000000000e+00 0.000000000000000000e+00
1.000000000000000000e+00 4.400000000000000000e+02
1.000000000000000000e+00 4.463999473725104394e+02
1.000000000000000000e+00 4.463999473725104394e+02
1.000000000000000000e+00 4.463999473725104394e+02
1.000000000000000000e+00 4.400000000000000000e+02
1.000000000000000000e+00 4.400000000000000000e+02
1.000000000000000000e+00 4.336918074016825244e+02
1.000000000000000000e+00 4.336918074016825244e+02
1.000000000000000000e+00 4.336918074016825244e+02
1.000000000000000000e+00 4.336918074016825244e+02
1.000000000000000000e+00 4.400000000000000000e+02
1.000000000000000000e+00 4.400000000000000000e+02
0.000000000000000000e+00 0.000000000000000000e+00
1.000000000000000000e+00 4.213454435073724085e+02
1.000000000000000000e+00 4.213454435073724085e+02
1.000000000000000000e+00 4.213454435073724085e+02
1.000000000000000000e+00 4.213454435073724085e+02
1.000000000000000000e+00 4.213454435073724085e+02
1.000000000000000000e+00 4.213454435073724085e+02
1.000000000000000000e+00 4.213454435073724085e+02
1.000000000000000000e+00 4.213454435073724085e+02
1.000000000000000000e+00 4.213454435073724085e+02
1.000000000000000000e+00 4.213454435073724085e+02
1.000000000000000000e+00 4.213454435073724085e+02
0.000000000000000000e+00 0.000000000000000000e+00
0.000000000000000000e+00 0.000000000000000000e+00
0.000000000000000000e+00 0.000000000000000000e+00
1.000000000000000000e+00 4.213454435073724085e+02
0.000000000000000000e+00 0.000000000000000000e+00
0.000000000000000000e+00 0.000000000000000000e+00
1.000000000000000000e+00 4.213454435073724085e+02
1.000000000000000000e+00 4.213454435073724085e+02
1.000000000000000000e+00 4.213454435073724085e+02
1.000000000000000000e+00 4.213454435073724085e+02
1.000000000000000000e+00 4.213454435073724085e+02
1.000000000000000000e+00 4.153046975799451275e+02
1.000000000000000000e+00 4.153046975799451275e+02
1.000000000000000000e+00 4.153046975799451275e+02
1.000000000000000000e+00 4.153046975799451275e+02
1.000000000000000000e+00 4.153046975799451275e+02
1.000000000000000000e+00 4.153046975799451275e+02
1.000000000000000000e+00 4.153046975799451275e+02
1.000000000000000000e+00 4.153046975799451275e+02
1.000000000000000000e+00 4.153046975799451275e+02
1.000000000000000000e+00 4.153046975799451275e+02
1.000000000000000000e+00 4.153046975799451275e+02
1.000000000000000000e+00 4.153046975799451275e+02
1.000000000000000000e+00 4.153046975799451275e+02
1.000000000000000000e+00 4.153046975799451275e+02
1.000000000000000000e+00 4.153046975799451275e+02
1.000000000000000000e+00 4.153046975799451275e+02
1.000000000000000000e+00 4.213454435073724085e+02
1.000000000000000000e+00 4.153046975799451275e+02
1.000000000000000000e+00 4.153046975799451275e+02
1.000000000000000000e+00 4.153046975799451275e+02
1.000000000000000000e+00 4.093505566269445239e+02
1.000000000000000000e+00 4.093505566269445239e+02
0.000000000000000000e+00 0.000000000000000000e+00
0.000000000000000000e+00 0.000000000000000000e+00
0.000000000000000000e+00 0.000000000000000000e+00
1.000000000000000000e+00 4.463999473725104394e+02
1.000000000000000000e+00 4.463999473725104394e+02
0.000000000000000000e+00 0.000000000000000000e+00
0.000000000000000000e+00 0.000000000000000000e+00
1.000000000000000000e+00 4.274740541075865963e+02
1.000000000000000000e+00 4.336918074016825244e+02
1.000000000000000000e+00 4.336918074016825244e+02
1.000000000000000000e+00 4.336918074016825244e+02
0.000000000000000000e+00 0.000000000000000000e+00
0.000000000000000000e+00 0.000000000000000000e+00
0.000000000000000000e+00 0.000000000000000000e+00
0.000000000000000000e+00 0.000000000000000000e+00
0.000000000000000000e+00 0.000000000000000000e+00
0.000000000000000000e+00 0.000000000000000000e+00
0.000000000000000000e+00 0.000000000000000000e+00
0.000000000000000000e+00 0.000000000000000000e+00
0.000000000000000000e+00 0.000000000000000000e+00
0.000000000000000000e+00 0.000000000000000000e+00
0.000000000000000000e+00 0.000000000000000000e+00
0.000000000000000000e+00 0.000000000000000000e+00
0.000000000000000000e+00 0.000000000000000000e+00
0.000000000000000000e+00 0.000000000000000000e+00
0.000000000000000000e+00 0.000000000000000000e+00
0.000000000000000000e+00 0.000000000000000000e+00
0.000000000000000000e+00 0.000000000000000000e+00
0.000000000000000000e+00 0.000000000000000000e+00
0.000000000000000000e+00 0.000000000000000000e+00
0.000000000000000000e+00 0.000000000000000000e+00
0.000000000000000000e+00 0.000000000000000000e+00
0.000000000000000000e+00 0.000000000000000000e+00
0.000000000000000000e+00 0.000000000000000000e+00
0.000000000000000000e+00 0.000000000000000000e+00
0.000000000000000000e+00 0.000000000000000000e+00
0.000000000000000000e+00 0.000000000000000000e+00
0.000000000000000000e+00 0.000000000000000000e+00
1.000000000000000000e+00 4.400000000000000000e+02
0.000000000000000000e+00 0.000000000000000000e+00
0.000000000000000000e+00 0.000000000000000000e+00
0.000000000000000000e+00 0.000000000000000000e+00
0.000000000000000000e+00 0.000000000000000000e+00
0.000000000000000000e+00 0.000000000000000000e+00
1.000000000000000000e+00 4.868025944710867066e+02
1.000000000000000000e+00 4.868025944710867066e+02
1.000000000000000000e+00 4.868025944710867066e+02
1.000000000000000000e+00 4.868025944710867066e+02
0.000000000000000000e+00 0.000000000000000000e+00
0.000000000000000000e+00 0.000000000000000000e+00
0.000000000000000000e+00 0.000000000000000000e+00
1.000000000000000000e+00 4.463999473725104394e+02
1.000000000000000000e+00 4.463999473725104394e+02
1.000000000000000000e+00 4.400000000000000000e+02
1.000000000000000000e+00 4.400000000000000000e+02
1.000000000000000000e+00 4.400000000000000000e+02
1.000000000000000000e+00 4.400000000000000000e+02
1.000000000000000000e+00 4.400000000000000000e+02
1.000000000000000000e+00 4.400000000000000000e+02
1.000000000000000000e+00 4.400000000000000000e+02
1.000000000000000000e+00 4.400000000000000000e+02
1.000000000000000000e+00 4.400000000000000000e+02
1.000000000000000000e+00 4.400000000000000000e+02
1.000000000000000000e+00 4.400000000000000000e+02
1.000000000000000000e+00 4.400000000000000000e+02
1.000000000000000000e+00 4.400000000000000000e+02
1.000000000000000000e+00 4.400000000000000000e+02
1.000000000000000000e+00 4.463999473725104394e+02
1.000000000000000000e+00 4.400000000000000000e+02
1.000000000000000000e+00 4.400000000000000000e+02
1.000000000000000000e+00 4.400000000000000000e+02
1.000000000000000000e+00 4.400000000000000000e+02
1.000000000000000000e+00 4.400000000000000000e+02
1.000000000000000000e+00 4.400000000000000000e+02
1.000000000000000000e+00 4.400000000000000000e+02
1.000000000000000000e+00 4.400000000000000000e+02
1.000000000000000000e+00 4.400000000000000000e+02
1.000000000000000000e+00 4.400000000000000000e+02
1.000000000000000000e+00 4.400000000000000000e+02
1.000000000000000000e+00 4.400000000000000000e+02
1.000000000000000000e+00 4.400000000000000000e+02
1.000000000000000000e+00 4.400000000000000000e+02
1.000000000000000000e+00 4.400000000000000000e+02
1.000000000000000000e+00 4.400000000000000000e+02
1.000000000000000000e+00 4.400000000000000000e+02
1.000000000000000000e+00 4.400000000000000000e+02
1.000000000000000000e+00 4.400000000000000000e+02
1.000000000000000000e+00 4.400000000000000000e+02
1.000000000000000000e+00 4.400000000000000000e+02
1.000000000000000000e+00 4.400000000000000000e+02
1.000000000000000000e+00 4.400000000000000000e+02
1.000000000000000000e+00 4.400000000000000000e+02
1.000000000000000000e+00 4.400000000000000000e+02
1.000000000000000000e+00 4.400000000000000000e+02
1.000000000000000000e+00 4.400000000000000000e+02
1.000000000000000000e+00 4.400000000000000000e+02
1.000000000000000000e+00 4.400000000000000000e+02
1.000000000000000000e+00 4.400000000000000000e+02
1.000000000000000000e+00 4.400000000000000000e+02
1.000000000000000000e+00 4.400000000000000000e+02
1.000000000000000000e+00 4.400000000000000000e+02
1.000000000000000000e+00 4.400000000000000000e+02
1.000000000000000000e+00 4.400000000000000000e+02
1.000000000000000000e+00 4.400000000000000000e+02
1.000000000000000000e+00 4.400000000000000000e+02
1.000000000000000000e+00 4.400000000000000000e+02
1.000000000000000000e+00 4.400000000000000000e+02
1.000000000000000000e+00 4.400000000000000000e+02
1.000000000000000000e+00 4.400000000000000000e+02
1.000000000000000000e+00 4.400000000000000000e+02
1.000000000000000000e+00 4.400000000000000000e+02
1.000000000000000000e+00 4.400000000000000000e+02
1.000000000000000000e+00 4.400000000000000000e+02
1.000000000000000000e+00 4.400000000000000000e+02
1.000000000000000000e+00 4.400000000000000000e+02
1.000000000000000000e+00 4.400000000000000000e+02
1.000000000000000000e+00 4.400000000000000000e+02
1.000000000000000000e+00 4.400000000000000000e+02
1.000000000000000000e+00 4.400000000000000000e+02
1.000000000000000000e+00 4.400000000000000000e+02
1.000000000000000000e+00 4.400000000000000000e+02
1.000000000000000000e+00 4.400000000000000000e+02
1.000000000000000000e+00 4.400000000000000000e+02
1.000000000000000000e+00 4.400000000000000000e+02
1.000000000000000000e+00 4.400000000000000000e+02
1.000000000000000000e+00 4.400000000000000000e+02
1.000000000000000000e+00 4.400000000000000000e+02
1.000000000000000000e+00 2.200000000000000000e+02
1.000000000000000000e+00 4.400000000000000000e+02
1.000000000000000000e+00 4.400000000000000000e+02
1.000000000000000000e+00 4.400000000000000000e+02
1.000000000000000000e+00 2.200000000000000000e+02
1.000000000000000000e+00 4.400000000000000000e+02
1.000000000000000000e+00 4.400000000000000000e+02
1.000000000000000000e+00 2.200000000000000000e+02
1.000000000000000000e+00 2.200000000000000000e+02
1.000000000000000000e+00 2.200000000000000000e+02
1.000000000000000000e+00 2.200000000000000000e+02
1.000000000000000000e+00 2.200000000000000000e+02
1.000000000000000000e+00 2.200000000000000000e+02
1.000000000000000000e+00 2.200000000000000000e+02
1.000000000000000000e+00 2.200000000000000000e+02
1.000000000000000000e+00 2.200000000000000000e+02
1.000000000000000000e+00 2.200000000000000000e+02
1.000000000000000000e+00 4.400000000000000000e+02
1.000000000000000000e+00 4.400000000000000000e+02
1.000000000000000000e+00 4.400000000000000000e+02
1.000000000000000000e+00 4.400000000000000000e+02
1.000000000000000000e+00 2.200000000000000000e+02
1.000000000000000000e+00 2.200000000000000000e+02
1.000000000000000000e+00 2.200000000000000000e+02
1.000000000000000000e+00 2.200000000000000000e+02
1.000000000000000000e+00 2.200000000000000000e+02
1.000000000000000000e+00 2.200000000000000000e+02
1.000000000000000000e+00 4.400000000000000000e+02
1.000000000000000000e+00 4.400000000000000000e+02
1.000000000000000000e+00 4.400000000000000000e+02
1.000000000000000000e+00 4.400000000000000000e+02
1.000000000000000000e+00 4.400000000000000000e+02
1.000000000000000000e+00 4.400000000000000000e+02
1.000000000000000000e+00 4.400000000000000000e+02
1.000000000000000000e+00 4.400000000000000000e+02
1.000000000000000000e+00 4.400000000000000000e+02
0.000000000000000000e+00 0.000000000000000000e+00
1.000000000000000000e+00 4.463999473725104394e+02
1.000000000000000000e+00 2.200000000000000000e+02
1.000000000000000000e+00 4.400000000000000000e+02
1.000000000000000000e+00 4.400000000000000000e+02
1.000000000000000000e+00 4.400000000000000000e+02
1.000000000000000000e+00 4.400000000000000000e+02
1.000000000000000000e+00 4.400000000000000000e+02
1.000000000000000000e+00 4.400000000000000000e+02
1.000000000000000000e+00 4.400000000000000000e+02
1.000000000000000000e+00 4.400000000000000000e+02
1.000000000000000000e+00 4.400000000000000000e+02
1.000000000000000000e+00 4.400000000000000000e+02
1.000000000000000000e+00 4.400000000000000000e+02
1.000000000000000000e+00 4.400000000000000000e+02
1.000000000000000000e+00 4.400000000000000000e+02
1.000000000000000000e+00 4.400000000000000000e+02
1.000000000000000000e+00 4.400000000000000000e+02
1.000000000000000000e+00 4.336918074016825244e+02
1.000000000000000000e+00 4.336918074016825244e+02
1.000000000000000000e+00 4.400000000000000000e+02
1.000000000000000000e+00 4.400000000000000000e+02
1.000000000000000000e+00 4.400000000000000000e+02
1.000000000000000000e+00 4.400000000000000000e+02
1.000000000000000000e+00 4.463999473725104394e+02
1.000000000000000000e+00 4.463999473725104394e+02
1.000000000000000000e+00 4.463999473725104394e+02
1.000000000000000000e+00 4.400000000000000000e+02
1.000000000000000000e+00 4.400000000000000000e+02
0.000000000000000000e+00 0.000000000000000000e+00
0.000000000000000000e+00 0.000000000000000000e+00
1.000000000000000000e+00 4.463999473725104394e+02
1.000000000000000000e+00 4.463999473725104394e+02
1.000000000000000000e+00 4.463999473725104394e+02
1.000000000000000000e+00 4.463999473725104394e+02
1.000000000000000000e+00 4.463999473725104394e+02
1.000000000000000000e+00 4.463999473725104394e+02
1.000000000000000000e+00 4.400000000000000000e+02
1.000000000000000000e+00 4.400000000000000000e+02
1.000000000000000000e+00 4.336918074016825244e+02
1.000000000000000000e+00 4.336918074016825244e+02
0.000000000000000000e+00 0.000000000000000000e+00
0.000000000000000000e+00 0.000000000000000000e+00
1.000000000000000000e+00 4.528929841231365003e+02
1.000000000000000000e+00 4.528929841231365003e+02
0.000000000000000000e+00 0.000000000000000000e+00
0.000000000000000000e+00 0.000000000000000000e+00
0.000000000000000000e+00 0.000000000000000000e+00
1.000000000000000000e+00 4.274740541075865963e+02
0.000000000000000000e+00 0.000000000000000000e+00
1.000000000000000000e+00 4.400000000000000000e+02
0.000000000000000000e+00 0.000000000000000000e+00
1.000000000000000000e+00 4.528929841231365003e+02
1.000000000000000000e+00 4.528929841231365003e+02
0.000000000000000000e+00 0.000000000000000000e+00
0.000000000000000000e+00 0.000000000000000000e+00
0.000000000000000000e+00 0.000000000000000000e+00
1.000000000000000000e+00 4.213454435073724085e+02
0.000000000000000000e+00 0.000000000000000000e+00
0.000000000000000000e+00 0.000000000000000000e+00
1.000000000000000000e+00 4.400000000000000000e+02
1.000000000000000000e+00 4.400000000000000000e+02
1.000000000000000000e+00 4.400000000000000000e+02
1.000000000000000000e+00 4.336918074016825244e+02
1.000000000000000000e+00 4.274740541075865963e+02
1.000000000000000000e+00 4.213454435073724085e+02
1.000000000000000000e+00 4.213454435073724085e+02
1.000000000000000000e+00 4.274740541075865963e+02
1.000000000000000000e+00 4.400000000000000000e+02
1.000000000000000000e+00 4.463999473725104394e+02
1.000000000000000000e+00 4.528929841231365003e+02
0.000000000000000000e+00 0.000000000000000000e+00
1.000000000000000000e+00 4.400000000000000000e+02
1.000000000000000000e+00 4.336918074016825244e+02
1.000000000000000000e+00 4.274740541075865963e+02
0.000000000000000000e+00 0.000000000000000000e+00
0.000000000000000000e+00 0.000000000000000000e+00
0.000000000000000000e+00 0.000000000000000000e+00
1.000000000000000000e+00 4.528929841231365003e+02
1.000000000000000000e+00 4.528929841231365003e+02
0.000000000000000000e+00 0.000000000000000000e+00
1.000000000000000000e+00 4.400000000000000000e+02
1.000000000000000000e+00 4.336918074016825244e+02
1.000000000000000000e+00 4.336918074016825244e+02
1.000000000000000000e+00 4.336918074016825244e+02
1.000000000000000000e+00 4.400000000000000000e+02
0.000000000000000000e+00 0.000000000000000000e+00
1.000000000000000000e+00 4.594804642680620645e+02
1.000000000000000000e+00 4.594804642680620645e+02
0.000000000000000000e+00 0.000000000000000000e+00
1.000000000000000000e+00 4.400000000000000000e+02
1.000000000000000000e+00 4.336918074016825244e+02
1.000000000000000000e+00 4.336918074016825244e+02
1.000000000000000000e+00 4.336918074016825244e+02
1.000000000000000000e+00 4.400000000000000000e+02
0.000000000000000000e+00 0.000000000000000000e+00
1.000000000000000000e+00 4.594804642680620645e+02
1.000000000000000000e+00 4.594804642680620645e+02
0.000000000000000000e+00 0.000000000000000000e+00
0.000000000000000000e+00 0.000000000000000000e+00
0.000000000000000000e+00 0.000000000000000000e+00
1.000000000000000000e+00 4.213454435073724085e+02
0.000000000000000000e+00 0.000000000000000000e+00
0.000000000000000000e+00 0.000000000000000000e+00
0.000000000000000000e+00 0.000000000000000000e+00
1.000000000000000000e+00 4.528929841231365003e+02
1.000000000000000000e+00 4.528929841231365003e+02
0.000000000000000000e+00 0.000000000000000000e+00
0.000000000000000000e+00 0.000000000000000000e+00
1.000000000000000000e+00 4.213454435073724085e+02
1.000000000000000000e+00 4.213454435073724085e+02
0.000000000000000000e+00 0.000000000000000000e+00
0.000000000000000000e+00 0.000000000000000000e+00
1.000000000000000000e+00 4.528929841231365003e+02
1.000000000000000000e+00 4.528929841231365003e+02
1.000000000000000000e+00 4.528929841231365003e+02
0.000000000000000000e+00 0.000000000000000000e+00
0.000000000000000000e+00 0.000000000000000000e+00
1.000000000000000000e+00 4.213454435073724085e+02
0.000000000000000000e+00 0.000000000000000000e+00
0.000000000000000000e+00 0.000000000000000000e+00
0.000000000000000000e+00 0.000000000000000000e+00
1.000000000000000000e+00 4.528929841231365003e+02
1.000000000000000000e+00 4.528929841231365003e+02
0.000000000000000000e+00 0.000000000000000000e+00
0.000000000000000000e+00 0.000000000000000000e+00
1.000000000000000000e+00 4.274740541075865963e+02
1.000000000000000000e+00 4.274740541075865963e+02
0.000000000000000000e+00 0.000000000000000000e+00
0.000000000000000000e+00 0.000000000000000000e+00
1.000000000000000000e+00 4.594804642680620645e+02
1.000000000000000000e+00 4.594804642680620645e+02
0.000000000000000000e+00 0.000000000000000000e+00
0.000000000000000000e+00 0.000000000000000000e+00
1.000000000000000000e+00 4.274740541075865963e+02
0.000000000000000000e+00 0.000000000000000000e+00
0.000000000000000000e+00 0.000000000000000000e+00
1.000000000000000000e+00 4.528929841231365003e+02
1.000000000000000000e+00 4.594804642680620645e+02
0.000000000000000000e+00 0.000000000000000000e+00
0.000000000000000000e+00 0.000000000000000000e+00
0.000000000000000000e+00 0.000000000000000000e+00
1.000000000000000000e+00 4.213454435073724085e+02
0.000000000000000000e+00 0.000000000000000000e+00
0.000000000000000000e+00 0.000000000000000000e+00
1.000000000000000000e+00 4.528929841231365003e+02
1.000000000000000000e+00 4.528929841231365003e+02
0.000000000000000000e+00 0.000000000000000000e+00
1.000000000000000000e+00 4.274740541075865963e+02
0.000000000000000000e+00 0.000000000000000000e+00
0.000000000000000000e+00 0.000000000000000000e+00
1.000000000000000000e+00 4.528929841231365003e+02
1.000000000000000000e+00 4.528929841231365003e+02
0.000000000000000000e+00 0.000000000000000000e+00
0.000000000000000000e+00 0.000000000000000000e+00
1.000000000000000000e+00 4.336918074016825244e+02
0.000000000000000000e+00 0.000000000000000000e+00
0.000000000000000000e+00 0.000000000000000000e+00
0.000000000000000000e+00 0.000000000000000000e+00
0.000000000000000000e+00 0.000000000000000000e+00
0.000000000000000000e+00 0.000000000000000000e+00
0.000000000000000000e+00 0.000000000000000000e+00
0.000000000000000000e+00 0.000000000000000000e+00
0.000000000000000000e+00 0.000000000000000000e+00
0.000000000000000000e+00 0.000000000000000000e+00
0.000000000000000000e+00 0.000000000000000000e+00
0.000000000000000000e+00 0.000000000000000000e+00
0.000000000000000000e+00 0.000000000000000000e+00
0.000000000000000000e+00 0.000000000000000000e+00
0.000000000000000000e+00 0.000000000000000000e+00
0.000000000000000000e+00 0.000000000000000000e+00
0.000000000000000000e+00 0.000000000000000000e+00
0.000000000000000000e+00 0.000000000000000000e+00
0.000000000000000000e+00 0.000000000000000000e+00
0.000000000000000000e+00 0.000000000000000000e+00
0.000000000000000000e+00 0.000000000000000000e+00
0.000000000000000000e+00 0.000000000000000000e+00
0.000000000000000000e+00 0.000000000000000000e+00
0.000000000000000000e+00 0.000000000000000000e+00
0.000000000000000000e+00 0.000000000000000000e+00
0.000000000000000000e+00 0.000000000000000000e+00
0.000000000000000000e+00 0.000000000000000000e+00
0.000000000000000000e+00 0.000000000000000000e+00
0.000000000000000000e+00 0.000000000000000000e+00
0.000000000000000000e+00 0.000000000000000000e+00
0.000000000000000000e+00 0.000000000000000000e+00
0.000000000000000000e+00 0.000000000000000000e+00
0.000000000000000000e+00 0.000000000000000000e+00
0.000000000000000000e+00 0.000000000000000000e+00
0.000000000000000000e+00 0.000000000000000000e+00
0.000000000000000000e+00 0.000000000000000000e+00
0.000000000000000000e+00 0.000000000000000000e+00
0.000000000000000000e+00 0.000000000000000000e+00
0.000000000000000000e+00 0.000000000000000000e+00
0.000000000000000000e+00 0.000000000000000000e+00
0.000000000000000000e+00 0.000000000000000000e+00
0.000000000000000000e+00 0.000000000000000000e+00
1.000000000000000000e+00 6.688442002656105387e+02
0.000000000000000000e+00 0.000000000000000000e+00
0.000000000000000000e+00 0.000000000000000000e+00
0.000000000000000000e+00 0.000000000000000000e+00
0.000000000000000000e+00 0.000000000000000000e+00
0.000000000000000000e+00 0.000000000000000000e+00
0.000000000000000000e+00 0.000000000000000000e+00
0.000000000000000000e+00 0.000000000000000000e+00
0.000000000000000000e+00 0.000000000000000000e+00
0.000000000000000000e+00 0.000000000000000000e+00
0.000000000000000000e+00 0.000000000000000000e+00
0.000000000000000000e+00 0.000000000000000000e+00
0.000000000000000000e+00 0.000000000000000000e+00
0.000000000000000000e+00 0.000000000000000000e+00
0.000000000000000000e+00 0.000000000000000000e+00
0.000000000000000000e+00 0.000000000000000000e+00
0.000000000000000000e+00 0.000000000000000000e+00
1.000000000000000000e+00 5.706094040464442969e+02
1.000000000000000000e+00 5.706094040464442969e+02
1.000000000000000000e+00 5.706094040464442969e+02
0.000000000000000000e+00 0.000000000000000000e+00
0.000000000000000000e+00 0.000000000000000000e+00
0.000000000000000000e+00 0.000000000000000000e+00
0.000000000000000000e+00 0.000000000000000000e+00
0.000000000000000000e+00 0.000000000000000000e+00
0.000000000000000000e+00 0.000000000000000000e+00
0.000000000000000000e+00 0.000000000000000000e+00
0.000000000000000000e+00 0.000000000000000000e+00
0.000000000000000000e+00 0.000000000000000000e+00
0.000000000000000000e+00 0.000000000000000000e+00
0.000000000000000000e+00 0.000000000000000000e+00
0.000000000000000000e+00 0.000000000000000000e+00
0.000000000000000000e+00 0.000000000000000000e+00
0.000000000000000000e+00 0.000000000000000000e+00
0.000000000000000000e+00 0.000000000000000000e+00
0.000000000000000000e+00 0.000000000000000000e+00
0.000000000000000000e+00 0.000000000000000000e+00
0.000000000000000000e+00 0.000000000000000000e+00
0.000000000000000000e+00 0.000000000000000000e+00
0.000000000000000000e+00 0.000000000000000000e+00
0.000000000000000000e+00 0.000000000000000000e+00
0.000000000000000000e+00 0.000000000000000000e+00
0.000000000000000000e+00 0.000000000000000000e+00
0.000000000000000000e+00 0.000000000000000000e+00
0.000000000000000000e+00 0.000000000000000000e+00
0.000000000000000000e+00 0.000000000000000000e+00
0.000000000000000000e+00 0.000000000000000000e+00
0.000000000000000000e+00 0.000000000000000000e+00
0.000000000000000000e+00 0.000000000000000000e+00
0.000000000000000000e+00 0.000000000000000000e+00
0.000000000000000000e+00 0.000000000000000000e+00
0.000000000000000000e+00 0.000000000000000000e+00
0.000000000000000000e+00 0.000000000000000000e+00
0.000000000000000000e+00 0.000000000000000000e+00
0.000000000000000000e+00 0.000000000000000000e+00
0.000000000000000000e+00 0.000000000000000000e+00
0.000000000000000000e+00 0.000000000000000000e+00
0.000000000000000000e+00 0.000000000000000000e+00
0.000000000000000000e+00 0.000000000000000000e+00
0.000000000000000000e+00 0.000000000000000000e+00
0.000000000000000000e+00 0.000000000000000000e+00
0.000000000000000000e+00 0.000000000000000000e+00
