0.000000000000000000e+00 0.000000000000000000e+00
0.000000000000000000e+00 0.000000000000000000e+00
0.000000000000000000e+00 0.000000000000000000e+00
0.000000000000000000e+00 0.000000000000000000e+00
0.000000000000000000e+00 0.000000000000000000e+00
0.000000000000000000e+00 0.000000000000000000e+00
0.000000000000000000e+00 0.000000000000000000e+00
1.000000000000000000e+00 1.876880577574954145e+02
1.000000000000000000e+00 1.876880577574954145e+02
1.000000000000000000e+00 1.904180434213514843e+02
1.000000000000000000e+00 1.904180434213514843e+02
1.000000000000000000e+00 1.931877376410629381e+02
1.000000000000000000e+00 1.931877376410629381e+02
1.000000000000000000e+00 1.959977179908746336e+02
1.000000000000000000e+00 1.959977179908746336e+02
1.000000000000000000e+00 1.959977179908746336e+02
1.000000000000000000e+00 1.959977179908746336e+02
1.000000000000000000e+00 1.959977179908746336e+02
1.000000000000000000e+00 1.959977179908746336e+02
1.000000000000000000e+00 1.959977179908746336e+02
1.000000000000000000e+00 1.988485704460422312e+02
1.000000000000000000e+00 1.988485704460422312e+02
1.000000000000000000e+00 1.988485704460422312e+02
1.000000000000000000e+00 1.988485704460422312e+02
1.000000000000000000e+00 1.988485704460422312e+02
1.000000000000000000e+00 1.988485704460422312e+02
1.000000000000000000e+00 1.959977179908746336e+02
1.000000000000000000e+00 1.959977179908746336e+02
1.000000000000000000e+00 1.959977179908746336e+02
1.000000000000000000e+00 1.959977179908746336e+02
1.000000000000000000e+00 1.959977179908746336e+02
1.000000000000000000e+00 1.959977179908746336e+02
1.000000000000000000e+00 1.959977179908746336e+02
1.000000000000000000e+00 1.959977179908746336e+02
1.000000000000000000e+00 1.959977179908746336e+02
0.000000000000000000e+00 0.000000000000000000e+00
0.000000000000000000e+00 0.000000000000000000e+00
0.000000000000000000e+00 0.000000000000000000e+00
0.000000000000000000e+00 0.000000000000000000e+00
0.000000000000000000e+00 0.000000000000000000e+00
0.000000000000000000e+00 0.000000000000000000e+00
0.000000000000000000e+00 0.000000000000000000e+00
0.000000000000000000e+00 0.000000000000000000e+00
0.000000000000000000e+00 0.000000000000000000e+00
0.000000000000000000e+00 0.000000000000000000e+00
0.000000000000000000e+00 0.000000000000000000e+00
0.000000000000000000e+00 0.000000000000000000e+00
0.000000000000000000e+00 0.000000000000000000e+00
0.000000000000000000e+00 0.000000000000000000e+00
0.000000000000000000e+00 0.000000000000000000e+00
0.000000000000000000e+00 0.000000000000000000e+00
0.000000000000000000e+00 0.000000000000000000e+00
0.000000000000000000e+00 0.000000000000000000e+00
1.000000000000000000e+00 4.336918074016825244e+02
1.000000000000000000e+00 4.336918074016825244e+02
1.000000000000000000e+00 4.336918074016825244e+02
0.000000000000000000e+00 0.000000000000000000e+00
0.000000000000000000e+00 0.000000000000000000e+00
0.000000000000000000e+00 0.000000000000000000e+00
0.000000000000000000e+00 0.000000000000000000e+00
0.000000000000000000e+00 0.000000000000000000e+00
0.000000000000000000e+00 0.000000000000000000e+00
1.000000000000000000e+00 1.132232460307841251e+02
0.000000000000000000e+00 0.000000000000000000e+00
0.000000000000000000e+00 0.000000000000000000e+00
0.000000000000000000e+00 0.000000000000000000e+00
0.000000000000000000e+00 0.000000000000000000e+00
0.000000000000000000e+00 0.000000000000000000e+00
0.000000000000000000e+00 0.000000000000000000e+00
0.000000000000000000e+00 0.000000000000000000e+00
0.000000000000000000e+00 0.000000000000000000e+00
0.000000000000000000e+00 0.000000000000000000e+00
0.000000000000000000e+00 0.000000000000000000e+00
0.000000000000000000e+00 0.000000000000000000e+00
1.000000000000000000e+00 1.327154983880573980e+02
1.000000000000000000e+00 1.327154983880573980e+02
1.000000000000000000e+00 1.327154983880573980e+02
1.000000000000000000e+00 1.327154983880573980e+02
1.000000000000000000e+00 1.327154983880573980e+02
1.000000000000000000e+00 1.327154983880573980e+02
1.000000000000000000e+00 1.308127826502993116e+02
1.000000000000000000e+00 4.400000000000000000e+02
1.000000000000000000e+00 3.202437002252812590e+02
1.000000000000000000e+00 3.249017521066898553e+02
1.000000000000000000e+00 3.249017521066898553e+02
1.000000000000000000e+00 3.249017521066898553e+02
1.000000000000000000e+00 3.296275569128699203e+02
1.000000000000000000e+00 4.400000000000000000e+02
1.000000000000000000e+00 3.344221001328052694e+02
1.000000000000000000e+00 3.344221001328052694e+02
1.000000000000000000e+00 3.296275569128699203e+02
1.000000000000000000e+00 3.344221001328052694e+02
1.000000000000000000e+00 3.344221001328052694e+02
1.000000000000000000e+00 3.344221001328052694e+02
1.000000000000000000e+00 3.344221001328052694e+02
1.000000000000000000e+00 3.344221001328052694e+02
1.000000000000000000e+00 3.344221001328052694e+02
1.000000000000000000e+00 4.463999473725104394e+02
1.000000000000000000e+00 4.463999473725104394e+02
1.000000000000000000e+00 4.400000000000000000e+02
1.000000000000000000e+00 4.400000000000000000e+02
0.000000000000000000e+00 0.000000000000000000e+00
0.000000000000000000e+00 0.000000000000000000e+00
0.000000000000000000e+00 0.000000000000000000e+00
0.000000000000000000e+00 0.000000000000000000e+00
1.000000000000000000e+00 8.605535391242757726e+01
1.000000000000000000e+00 8.605535391242757726e+01
1.000000000000000000e+00 1.988485704460422312e+02
1.000000000000000000e+00 1.959977179908746336e+02
0.000000000000000000e+00 0.000000000000000000e+00
1.000000000000000000e+00 8.605535391242757726e+01
1.000000000000000000e+00 8.605535391242757726e+01
1.000000000000000000e+00 8.605535391242757726e+01
0.000000000000000000e+00 0.000000000000000000e+00
0.000000000000000000e+00 0.000000000000000000e+00
0.000000000000000000e+00 0.000000000000000000e+00
1.000000000000000000e+00 2.578746915402352897e+02
1.000000000000000000e+00 2.578746915402352897e+02
1.000000000000000000e+00 2.578746915402352897e+02
1.000000000000000000e+00 2.616255653005986233e+02
1.000000000000000000e+00 2.616255653005986233e+02
1.000000000000000000e+00 2.616255653005986233e+02
1.000000000000000000e+00 2.616255653005986233e+02
1.000000000000000000e+00 2.616255653005986233e+02
1.000000000000000000e+00 1.327154983880573980e+02
1.000000000000000000e+00 1.327154983880573980e+02
1.000000000000000000e+00 1.327154983880573980e+02
1.000000000000000000e+00 1.308127826502993116e+02
1.000000000000000000e+00 1.308127826502993116e+02
0.000000000000000000e+00 0.000000000000000000e+00
0.000000000000000000e+00 0.000000000000000000e+00
1.000000000000000000e+00 3.202437002252812590e+02
1.000000000000000000e+00 3.202437002252812590e+02
1.000000000000000000e+00 3.202437002252812590e+02
1.000000000000000000e+00 3.249017521066898553e+02
1.000000000000000000e+00 3.249017521066898553e+02
1.000000000000000000e+00 3.249017521066898553e+02
1.000000000000000000e+00 3.249017521066898553e+02
1.000000000000000000e+00 3.249017521066898553e+02
1.000000000000000000e+00 3.249017521066898553e+02
1.000000000000000000e+00 3.249017521066898553e+02
1.000000000000000000e+00 3.202437002252812590e+02
0.000000000000000000e+00 0.000000000000000000e+00
0.000000000000000000e+00 0.000000000000000000e+00
0.000000000000000000e+00 0.000000000000000000e+00
0.000000000000000000e+00 0.000000000000000000e+00
0.000000000000000000e+00 0.000000000000000000e+00
0.000000000000000000e+00 0.000000000000000000e+00
0.000000000000000000e+00 0.000000000000000000e+00
0.000000000000000000e+00 0.000000000000000000e+00
0.000000000000000000e+00 0.000000000000000000e+00
0.000000000000000000e+00 0.000000000000000000e+00
0.000000000000000000e+00 0.000000000000000000e+00
0.000000000000000000e+00 0.000000000000000000e+00
0.000000000000000000e+00 0.000000000000000000e+00
0.000000000000000000e+00 0.000000000000000000e+00
0.000000000000000000e+00 0.000000000000000000e+00
0.000000000000000000e+00 0.000000000000000000e+00
0.000000000000000000e+00 0.000000000000000000e+00
0.000000000000000000e+00 0.000000000000000000e+00
0.000000000000000000e+00 0.000000000000000000e+00
0.000000000000000000e+00 0.000000000000000000e+00
0.000000000000000000e+00 0.000000000000000000e+00
0.000000000000000000e+00 0.000000000000000000e+00
0.000000000000000000e+00 0.000000000000000000e+00
0.000000000000000000e+00 0.000000000000000000e+00
0.000000000000000000e+00 0.000000000000000000e+00
0.000000000000000000e+00 0.000000000000000000e+00
1.000000000000000000e+00 2.046752783134722335e+02
1.000000000000000000e+00 2.076523487899725637e+02
1.000000000000000000e+00 2.076523487899725637e+02
1.000000000000000000e+00 2.076523487899725637e+02
1.000000000000000000e+00 2.076523487899725637e+02
1.000000000000000000e+00 2.076523487899725637e+02
1.000000000000000000e+00 2.076523487899725637e+02
1.000000000000000000e+00 2.076523487899725637e+02
0.000000000000000000e+00 0.000000000000000000e+00
0.000000000000000000e+00 0.000000000000000000e+00
0.000000000000000000e+00 0.000000000000000000e+00
0.000000000000000000e+00 0.000000000000000000e+00
1.000000000000000000e+00 1.308127826502993116e+02
1.000000000000000000e+00 1.308127826502993116e+02
1.000000000000000000e+00 1.308127826502993116e+02
1.000000000000000000e+00 1.289373457701176733e+02
1.000000000000000000e+00 1.289373457701176733e+02
1.000000000000000000e+00 1.289373457701176733e+02
1.000000000000000000e+00 1.289373457701176733e+02
1.000000000000000000e+00 1.289373457701176733e+02
1.000000000000000000e+00 1.308127826502993116e+02
1.000000000000000000e+00 1.308127826502993116e+02
1.000000000000000000e+00 1.308127826502993116e+02
1.000000000000000000e+00 1.308127826502993116e+02
1.000000000000000000e+00 1.308127826502993116e+02
0.000000000000000000e+00 0.000000000000000000e+00
0.000000000000000000e+00 0.000000000000000000e+00
0.000000000000000000e+00 0.000000000000000000e+00
0.000000000000000000e+00 0.000000000000000000e+00
0.000000000000000000e+00 0.000000000000000000e+00
0.000000000000000000e+00 0.000000000000000000e+00
0.000000000000000000e+00 0.000000000000000000e+00
0.000000000000000000e+00 0.000000000000000000e+00
0.000000000000000000e+00 0.000000000000000000e+00
0.000000000000000000e+00 0.000000000000000000e+00
1.000000000000000000e+00 5.157493830804706931e+02
1.000000000000000000e+00 5.157493830804706931e+02
0.000000000000000000e+00 0.000000000000000000e+00
0.000000000000000000e+00 0.000000000000000000e+00
0.000000000000000000e+00 0.000000000000000000e+00
0.000000000000000000e+00 0.000000000000000000e+00
0.000000000000000000e+00 0.000000000000000000e+00
0.000000000000000000e+00 0.000000000000000000e+00
0.000000000000000000e+00 0.000000000000000000e+00
0.000000000000000000e+00 0.000000000000000000e+00
0.000000000000000000e+00 0.000000000000000000e+00
0.000000000000000000e+00 0.000000000000000000e+00
0.000000000000000000e+00 0.000000000000000000e+00
0.000000000000000000e+00 0.000000000000000000e+00
0.000000000000000000e+00 0.000000000000000000e+00
1.000000000000000000e+00 1.327154983880573980e+02
1.000000000000000000e+00 1.327154983880573980e+02
1.000000000000000000e+00 1.327154983880573980e+02
0.000000000000000000e+00 0.000000000000000000e+00
0.000000000000000000e+00 0.000000000000000000e+00
0.000000000000000000e+00 0.000000000000000000e+00
0.000000000000000000e+00 0.000000000000000000e+00
1.000000000000000000e+00 1.327154983880573980e+02
1.000000000000000000e+00 1.327154983880573980e+02
1.000000000000000000e+00 1.327154983880573980e+02
1.000000000000000000e+00 1.327154983880573980e+02
1.000000000000000000e+00 1.327154983880573980e+02
1.000000000000000000e+00 1.327154983880573980e+02
1.000000000000000000e+00 1.327154983880573980e+02
1.000000000000000000e+00 1.308127826502993116e+02
1.000000000000000000e+00 1.327154983880573980e+02
1.000000000000000000e+00 1.327154983880573980e+02
1.000000000000000000e+00 1.327154983880573980e+02
1.000000000000000000e+00 5.308619935522295918e+02
1.000000000000000000e+00 5.308619935522295918e+02
0.000000000000000000e+00 0.000000000000000000e+00
0.000000000000000000e+00 0.000000000000000000e+00
0.000000000000000000e+00 0.000000000000000000e+00
0.000000000000000000e+00 0.000000000000000000e+00
0.000000000000000000e+00 0.000000000000000000e+00
0.000000000000000000e+00 0.000000000000000000e+00
0.000000000000000000e+00 0.000000000000000000e+00
0.000000000000000000e+00 0.000000000000000000e+00
0.000000000000000000e+00 0.000000000000000000e+00
0.000000000000000000e+00 0.000000000000000000e+00
0.000000000000000000e+00 0.000000000000000000e+00
0.000000000000000000e+00 0.000000000000000000e+00
0.000000000000000000e+00 0.000000000000000000e+00
0.000000000000000000e+00 0.000000000000000000e+00
0.000000000000000000e+00 0.000000000000000000e+00
0.000000000000000000e+00 0.000000000000000000e+00
0.000000000000000000e+00 0.000000000000000000e+00
1.000000000000000000e+00 2.076523487899725637e+02
1.000000000000000000e+00 2.076523487899725637e+02
1.000000000000000000e+00 2.137370270537932981e+02
1.000000000000000000e+00 2.168459037008412622e+02
1.000000000000000000e+00 2.168459037008412622e+02
1.000000000000000000e+00 2.168459037008412622e+02
1.000000000000000000e+00 2.168459037008412622e+02
1.000000000000000000e+00 2.200000000000000000e+02
1.000000000000000000e+00 2.200000000000000000e+02
1.000000000000000000e+00 2.200000000000000000e+02
1.000000000000000000e+00 2.200000000000000000e+02
1.000000000000000000e+00 2.200000000000000000e+02
1.000000000000000000e+00 2.200000000000000000e+02
1.000000000000000000e+00 2.200000000000000000e+02
1.000000000000000000e+00 2.200000000000000000e+02
1.000000000000000000e+00 2.200000000000000000e+02
1.000000000000000000e+00 2.200000000000000000e+02
1.000000000000000000e+00 2.200000000000000000e+02
1.000000000000000000e+00 2.200000000000000000e+02
1.000000000000000000e+00 2.200000000000000000e+02
1.000000000000000000e+00 2.200000000000000000e+02
1.000000000000000000e+00 2.200000000000000000e+02
1.000000000000000000e+00 2.200000000000000000e+02
1.000000000000000000e+00 2.200000000000000000e+02
1.000000000000000000e+00 2.200000000000000000e+02
1.000000000000000000e+00 2.200000000000000000e+02
1.000000000000000000e+00 2.200000000000000000e+02
1.000000000000000000e+00 2.200000000000000000e+02
1.000000000000000000e+00 2.200000000000000000e+02
1.000000000000000000e+00 2.200000000000000000e+02
1.000000000000000000e+00 2.200000000000000000e+02
1.000000000000000000e+00 4.336918074016825244e+02
1.000000000000000000e+00 4.336918074016825244e+02
1.000000000000000000e+00 4.336918074016825244e+02
1.000000000000000000e+00 4.336918074016825244e+02
1.000000000000000000e+00 2.231999736862552197e+02
1.000000000000000000e+00 2.231999736862552197e+02
1.000000000000000000e+00 2.231999736862552197e+02
1.000000000000000000e+00 2.231999736862552197e+02
1.000000000000000000e+00 2.231999736862552197e+02
1.000000000000000000e+00 2.231999736862552197e+02
1.000000000000000000e+00 2.231999736862552197e+02
0.000000000000000000e+00 0.000000000000000000e+00
0.000000000000000000e+00 0.000000000000000000e+00
0.000000000000000000e+00 0.000000000000000000e+00
0.000000000000000000e+00 0.000000000000000000e+00
0.000000000000000000e+00 0.000000000000000000e+00
0.000000000000000000e+00 0.000000000000000000e+00
1.000000000000000000e+00 4.463999473725104394e+02
1.000000000000000000e+00 4.463999473725104394e+02
1.000000000000000000e+00 2.168459037008412622e+02
1.000000000000000000e+00 2.168459037008412622e+02
1.000000000000000000e+00 2.137370270537932981e+02
1.000000000000000000e+00 2.137370270537932981e+02
1.000000000000000000e+00 2.137370270537932981e+02
1.000000000000000000e+00 4.400000000000000000e+02
1.000000000000000000e+00 4.400000000000000000e+02
0.000000000000000000e+00 0.000000000000000000e+00
0.000000000000000000e+00 0.000000000000000000e+00
0.000000000000000000e+00 0.000000000000000000e+00
0.000000000000000000e+00 0.000000000000000000e+00
0.000000000000000000e+00 0.000000000000000000e+00
0.000000000000000000e+00 0.000000000000000000e+00
1.000000000000000000e+00 2.137370270537932981e+02
1.000000000000000000e+00 2.137370270537932981e+02
1.000000000000000000e+00 2.137370270537932981e+02
1.000000000000000000e+00 2.168459037008412622e+02
1.000000000000000000e+00 2.168459037008412622e+02
1.000000000000000000e+00 2.168459037008412622e+02
1.000000000000000000e+00 2.200000000000000000e+02
1.000000000000000000e+00 2.200000000000000000e+02
1.000000000000000000e+00 2.200000000000000000e+02
0.000000000000000000e+00 0.000000000000000000e+00
0.000000000000000000e+00 0.000000000000000000e+00
1.000000000000000000e+00 2.297402321340310323e+02
1.000000000000000000e+00 2.297402321340310323e+02
1.000000000000000000e+00 2.297402321340310323e+02
1.000000000000000000e+00 2.364721347825532121e+02
1.000000000000000000e+00 2.434012972355433533e+02
1.000000000000000000e+00 2.469416506280620638e+02
1.000000000000000000e+00 2.469416506280620638e+02
1.000000000000000000e+00 2.469416506280620638e+02
1.000000000000000000e+00 2.469416506280620638e+02
1.000000000000000000e+00 2.469416506280620638e+02
1.000000000000000000e+00 2.469416506280620638e+02
0.000000000000000000e+00 0.000000000000000000e+00
0.000000000000000000e+00 0.000000000000000000e+00
1.000000000000000000e+00 3.156524299084200607e+02
1.000000000000000000e+00 3.202437002252812590e+02
1.000000000000000000e+00 3.202437002252812590e+02
1.000000000000000000e+00 3.202437002252812590e+02
1.000000000000000000e+00 3.156524299084200607e+02
0.000000000000000000e+00 0.000000000000000000e+00
0.000000000000000000e+00 0.000000000000000000e+00
1.000000000000000000e+00 1.876880577574954145e+02
1.000000000000000000e+00 1.904180434213514843e+02
1.000000000000000000e+00 1.931877376410629381e+02
1.000000000000000000e+00 1.931877376410629381e+02
1.000000000000000000e+00 1.931877376410629381e+02
1.000000000000000000e+00 1.931877376410629381e+02
1.000000000000000000e+00 1.931877376410629381e+02
1.000000000000000000e+00 1.876880577574954145e+02
1.000000000000000000e+00 1.849972113558171998e+02
1.000000000000000000e+00 1.823449430844896142e+02
1.000000000000000000e+00 1.823449430844896142e+02
1.000000000000000000e+00 1.823449430844896142e+02
1.000000000000000000e+00 1.823449430844896142e+02
1.000000000000000000e+00 1.797306998565209710e+02
1.000000000000000000e+00 1.771539365144179783e+02
1.000000000000000000e+00 1.771539365144179783e+02
1.000000000000000000e+00 1.771539365144179783e+02
1.000000000000000000e+00 1.771539365144179783e+02
1.000000000000000000e+00 1.771539365144179783e+02
1.000000000000000000e+00 1.771539365144179783e+02
1.000000000000000000e+00 1.771539365144179783e+02
0.000000000000000000e+00 0.000000000000000000e+00
0.000000000000000000e+00 0.000000000000000000e+00
1.000000000000000000e+00 2.692917795270241186e+02
1.000000000000000000e+00 2.692917795270241186e+02
1.000000000000000000e+00 2.692917795270241186e+02
1.000000000000000000e+00 2.732087186561664680e+02
1.000000000000000000e+00 2.771826309768720762e+02
1.000000000000000000e+00 2.771826309768720762e+02
1.000000000000000000e+00 2.654309967761147959e+02
1.000000000000000000e+00 2.616255653005986233e+02
1.000000000000000000e+00 2.616255653005986233e+02
1.000000000000000000e+00 2.616255653005986233e+02
1.000000000000000000e+00 2.616255653005986233e+02
1.000000000000000000e+00 2.616255653005986233e+02
1.000000000000000000e+00 2.616255653005986233e+02
1.000000000000000000e+00 2.616255653005986233e+02
0.000000000000000000e+00 0.000000000000000000e+00
0.000000000000000000e+00 0.000000000000000000e+00
0.000000000000000000e+00 0.000000000000000000e+00
0.000000000000000000e+00 0.000000000000000000e+00
0.000000000000000000e+00 0.000000000000000000e+00
0.000000000000000000e+00 0.000000000000000000e+00
0.000000000000000000e+00 0.000000000000000000e+00
0.000000000000000000e+00 0.000000000000000000e+00
0.000000000000000000e+00 0.000000000000000000e+00
0.000000000000000000e+00 0.000000000000000000e+00
0.000000000000000000e+00 0.000000000000000000e+00
0.000000000000000000e+00 0.000000000000000000e+00
0.000000000000000000e+00 0.000000000000000000e+00
0.000000000000000000e+00 0.000000000000000000e+00
0.000000000000000000e+00 0.000000000000000000e+00
0.000000000000000000e+00 0.000000000000000000e+00
0.000000000000000000e+00 0.000000000000000000e+00
0.000000000000000000e+00 0.000000000000000000e+00
0.000000000000000000e+00 0.000000000000000000e+00
0.000000000000000000e+00 0.000000000000000000e+00
0.000000000000000000e+00 0.000000000000000000e+00
0.000000000000000000e+00 0.000000000000000000e+00
0.000000000000000000e+00 0.000000000000000000e+00
0.000000000000000000e+00 0.000000000000000000e+00
0.000000000000000000e+00 0.000000000000000000e+00
0.000000000000000000e+00 0.000000000000000000e+00
0.000000000000000000e+00 0.000000000000000000e+00
0.000000000000000000e+00 0.000000000000000000e+00
0.000000000000000000e+00 0.000000000000000000e+00
0.000000000000000000e+00 0.000000000000000000e+00
0.000000000000000000e+00 0.000000000000000000e+00
0.000000000000000000e+00 0.000000000000000000e+00
0.000000000000000000e+00 0.000000000000000000e+00
0.000000000000000000e+00 0.000000000000000000e+00
0.000000000000000000e+00 0.000000000000000000e+00
0.000000000000000000e+00 0.000000000000000000e+00
0.000000000000000000e+00 0.000000000000000000e+00
0.000000000000000000e+00 0.000000000000000000e+00
0.000000000000000000e+00 0.000000000000000000e+00
0.000000000000000000e+00 0.000000000000000000e+00
0.000000000000000000e+00 0.000000000000000000e+00
0.000000000000000000e+00 0.000000000000000000e+00
0.000000000000000000e+00 0.000000000000000000e+00
0.000000000000000000e+00 0.000000000000000000e+00
0.000000000000000000e+00 0.000000000000000000e+00
0.000000000000000000e+00 0.000000000000000000e+00
0.000000000000000000e+00 0.000000000000000000e+00
0.000000000000000000e+00 0.000000000000000000e+00
0.000000000000000000e+00 0.000000000000000000e+00
1.000000000000000000e+00 1.648137784564349602e+02
1.000000000000000000e+00 1.648137784564349602e+02
0.000000000000000000e+00 0.000000000000000000e+00
0.000000000000000000e+00 0.000000000000000000e+00
0.000000000000000000e+00 0.000000000000000000e+00
0.000000000000000000e+00 0.000000000000000000e+00
0.000000000000000000e+00 0.000000000000000000e+00
0.000000000000000000e+00 0.000000000000000000e+00
0.000000000000000000e+00 0.000000000000000000e+00
0.000000000000000000e+00 0.000000000000000000e+00
0.000000000000000000e+00 0.000000000000000000e+00
0.000000000000000000e+00 0.000000000000000000e+00
0.000000000000000000e+00 0.000000000000000000e+00
0.000000000000000000e+00 0.000000000000000000e+00
0.000000000000000000e+00 0.000000000000000000e+00
0.000000000000000000e+00 0.000000000000000000e+00
0.000000000000000000e+00 0.000000000000000000e+00
0.000000000000000000e+00 0.000000000000000000e+00
0.000000000000000000e+00 0.000000000000000000e+00
0.000000000000000000e+00 0.000000000000000000e+00
0.000000000000000000e+00 0.000000000000000000e+00
0.000000000000000000e+00 0.000000000000000000e+00
0.000000000000000000e+00 0.000000000000000000e+00
1.000000000000000000e+00 1.084229518504206169e+02
1.000000000000000000e+00 1.084229518504206169e+02
1.000000000000000000e+00 1.100000000000000000e+02
1.000000000000000000e+00 1.100000000000000000e+02
1.000000000000000000e+00 1.115999868431275814e+02
0.000000000000000000e+00 0.000000000000000000e+00
0.000000000000000000e+00 0.000000000000000000e+00
0.000000000000000000e+00 0.000000000000000000e+00
0.000000000000000000e+00 0.000000000000000000e+00
0.000000000000000000e+00 0.000000000000000000e+00
0.000000000000000000e+00 0.000000000000000000e+00
0.000000000000000000e+00 0.000000000000000000e+00
0.000000000000000000e+00 0.000000000000000000e+00
0.000000000000000000e+00 0.000000000000000000e+00
0.000000000000000000e+00 0.000000000000000000e+00
0.000000000000000000e+00 0.000000000000000000e+00
0.000000000000000000e+00 0.000000000000000000e+00
0.000000000000000000e+00 0.000000000000000000e+00
0.000000000000000000e+00 0.000000000000000000e+00
0.000000000000000000e+00 0.000000000000000000e+00
0.000000000000000000e+00 0.000000000000000000e+00
0.000000000000000000e+00 0.000000000000000000e+00
0.000000000000000000e+00 0.000000000000000000e+00
0.000000000000000000e+00 0.000000000000000000e+00
0.000000000000000000e+00 0.000000000000000000e+00
0.000000000000000000e+00 0.000000000000000000e+00
0.000000000000000000e+00 0.000000000000000000e+00
0.000000000000000000e+00 0.000000000000000000e+00
0.000000000000000000e+00 0.000000000000000000e+00
0.000000000000000000e+00 0.000000000000000000e+00
0.000000000000000000e+00 0.000000000000000000e+00
0.000000000000000000e+00 0.000000000000000000e+00
0.000000000000000000e+00 0.000000000000000000e+00
0.000000000000000000e+00 0.000000000000000000e+00
0.000000000000000000e+00 0.000000000000000000e+00
0.000000000000000000e+00 0.000000000000000000e+00
0.000000000000000000e+00 0.000000000000000000e+00
0.000000000000000000e+00 0.000000000000000000e+00
0.000000000000000000e+00 0.000000000000000000e+00
0.000000000000000000e+00 0.000000000000000000e+00
0.000000000000000000e+00 0.000000000000000000e+00
0.000000000000000000e+00 0.000000000000000000e+00
0.000000000000000000e+00 0.000000000000000000e+00
1.000000000000000000e+00 1.904180434213514843e+02
1.000000000000000000e+00 1.904180434213514843e+02
1.000000000000000000e+00 1.931877376410629381e+02
1.000000000000000000e+00 1.931877376410629381e+02
1.000000000000000000e+00 1.931877376410629381e+02
1.000000000000000000e+00 1.931877376410629381e+02
1.000000000000000000e+00 1.959977179908746336e+02
1.000000000000000000e+00 1.959977179908746336e+02
1.000000000000000000e+00 1.959977179908746336e+02
1.000000000000000000e+00 1.959977179908746336e+02
1.000000000000000000e+00 1.959977179908746336e+02
1.000000000000000000e+00 1.959977179908746336e+02
1.000000000000000000e+00 1.988485704460422312e+02
1.000000000000000000e+00 1.988485704460422312e+02
1.000000000000000000e+00 1.988485704460422312e+02
1.000000000000000000e+00 1.959977179908746336e+02
1.000000000000000000e+00 1.959977179908746336e+02
1.000000000000000000e+00 1.959977179908746336e+02
1.000000000000000000e+00 1.959977179908746336e+02
1.000000000000000000e+00 1.959977179908746336e+02
1.000000000000000000e+00 1.959977179908746336e+02
1.000000000000000000e+00 1.959977179908746336e+02
1.000000000000000000e+00 1.959977179908746336e+02
1.000000000000000000e+00 1.959977179908746336e+02
1.000000000000000000e+00 1.959977179908746336e+02
1.000000000000000000e+00 1.959977179908746336e+02
1.000000000000000000e+00 1.959977179908746336e+02
1.000000000000000000e+00 1.959977179908746336e+02
1.000000000000000000e+00 1.959977179908746336e+02
1.000000000000000000e+00 1.959977179908746336e+02
1.000000000000000000e+00 1.988485704460422312e+02
1.000000000000000000e+00 1.988485704460422312e+02
1.000000000000000000e+00 1.988485704460422312e+02
1.000000000000000000e+00 1.988485704460422312e+02
1.000000000000000000e+00 1.988485704460422312e+02
1.000000000000000000e+00 1.988485704460422312e+02
1.000000000000000000e+00 1.988485704460422312e+02
1.000000000000000000e+00 1.988485704460422312e+02
1.000000000000000000e+00 1.988485704460422312e+02
1.000000000000000000e+00 1.988485704460422312e+02
1.000000000000000000e+00 1.988485704460422312e+02
0.000000000000000000e+00 0.000000000000000000e+00
0.000000000000000000e+00 0.000000000000000000e+00
0.000000000000000000e+00 0.000000000000000000e+00
0.000000000000000000e+00 0.000000000000000000e+00
0.000000000000000000e+00 0.000000000000000000e+00
0.000000000000000000e+00 0.000000000000000000e+00
0.000000000000000000e+00 0.000000000000000000e+00
0.000000000000000000e+00 0.000000000000000000e+00
0.000000000000000000e+00 0.000000000000000000e+00
0.000000000000000000e+00 0.000000000000000000e+00
0.000000000000000000e+00 0.000000000000000000e+00
0.000000000000000000e+00 0.000000000000000000e+00
0.000000000000000000e+00 0.000000000000000000e+00
0.000000000000000000e+00 0.000000000000000000e+00
0.000000000000000000e+00 0.000000000000000000e+00
0.000000000000000000e+00 0.000000000000000000e+00
0.000000000000000000e+00 0.000000000000000000e+00
0.000000000000000000e+00 0.000000000000000000e+00
0.000000000000000000e+00 0.000000000000000000e+00
0.000000000000000000e+00 0.000000000000000000e+00
1.000000000000000000e+00 6.635774919402871319e+01
1.000000000000000000e+00 6.635774919402871319e+01
1.000000000000000000e+00 6.635774919402871319e+01
1.000000000000000000e+00 6.635774919402871319e+01
1.000000000000000000e+00 6.635774919402871319e+01
1.000000000000000000e+00 6.540639132514965581e+01
1.000000000000000000e+00 3.249017521066898553e+02
1.000000000000000000e+00 3.249017521066898553e+02
1.000000000000000000e+00 3.249017521066898553e+02
0.000000000000000000e+00 0.000000000000000000e+00
0.000000000000000000e+00 0.000000000000000000e+00
0.000000000000000000e+00 0.000000000000000000e+00
0.000000000000000000e+00 0.000000000000000000e+00
0.000000000000000000e+00 0.000000000000000000e+00
1.000000000000000000e+00 6.635774919402871319e+01
1.000000000000000000e+00 3.249017521066898553e+02
1.000000000000000000e+00 3.249017521066898553e+02
1.000000000000000000e+00 3.249017521066898553e+02
1.000000000000000000e+00 3.249017521066898553e+02
1.000000000000000000e+00 3.296275569128699203e+02
1.000000000000000000e+00 3.296275569128699203e+02
1.000000000000000000e+00 3.296275569128699203e+02
1.000000000000000000e+00 3.296275569128699203e+02
1.000000000000000000e+00 3.296275569128699203e+02
1.000000000000000000e+00 3.296275569128699203e+02
1.000000000000000000e+00 3.296275569128699203e+02
1.000000000000000000e+00 3.296275569128699203e+02
1.000000000000000000e+00 3.344221001328052694e+02
1.000000000000000000e+00 3.344221001328052694e+02
1.000000000000000000e+00 3.344221001328052694e+02
0.000000000000000000e+00 0.000000000000000000e+00
0.000000000000000000e+00 0.000000000000000000e+00
0.000000000000000000e+00 0.000000000000000000e+00
0.000000000000000000e+00 0.000000000000000000e+00
0.000000000000000000e+00 0.000000000000000000e+00
0.000000000000000000e+00 0.000000000000000000e+00
0.000000000000000000e+00 0.000000000000000000e+00
0.000000000000000000e+00 0.000000000000000000e+00
0.000000000000000000e+00 0.000000000000000000e+00
0.000000000000000000e+00 0.000000000000000000e+00
0.000000000000000000e+00 0.000000000000000000e+00
0.000000000000000000e+00 0.000000000000000000e+00
0.000000000000000000e+00 0.000000000000000000e+00
0.000000000000000000e+00 0.000000000000000000e+00
0.000000000000000000e+00 0.000000000000000000e+00
0.000000000000000000e+00 0.000000000000000000e+00
0.000000000000000000e+00 0.000000000000000000e+00
0.000000000000000000e+00 0.000000000000000000e+00
1.000000000000000000e+00 2.578746915402352897e+02
1.000000000000000000e+00 2.616255653005986233e+02
1.000000000000000000e+00 2.616255653005986233e+02
1.000000000000000000e+00 2.616255653005986233e+02
1.000000000000000000e+00 2.616255653005986233e+02
1.000000000000000000e+00 2.616255653005986233e+02
1.000000000000000000e+00 2.616255653005986233e+02
1.000000000000000000e+00 2.616255653005986233e+02
1.000000000000000000e+00 2.616255653005986233e+02
1.000000000000000000e+00 2.616255653005986233e+02
0.000000000000000000e+00 0.000000000000000000e+00
0.000000000000000000e+00 0.000000000000000000e+00
0.000000000000000000e+00 0.000000000000000000e+00
0.000000000000000000e+00 0.000000000000000000e+00
1.000000000000000000e+00 3.202437002252812590e+02
1.000000000000000000e+00 3.202437002252812590e+02
1.000000000000000000e+00 3.249017521066898553e+02
1.000000000000000000e+00 3.249017521066898553e+02
1.000000000000000000e+00 3.249017521066898553e+02
1.000000000000000000e+00 3.249017521066898553e+02
1.000000000000000000e+00 3.249017521066898553e+02
1.000000000000000000e+00 3.249017521066898553e+02
1.000000000000000000e+00 3.249017521066898553e+02
1.000000000000000000e+00 3.249017521066898553e+02
1.000000000000000000e+00 7.236363861835006617e+01
0.000000000000000000e+00 0.000000000000000000e+00
0.000000000000000000e+00 0.000000000000000000e+00
0.000000000000000000e+00 0.000000000000000000e+00
0.000000000000000000e+00 0.000000000000000000e+00
0.000000000000000000e+00 0.000000000000000000e+00
0.000000000000000000e+00 0.000000000000000000e+00
0.000000000000000000e+00 0.000000000000000000e+00
0.000000000000000000e+00 0.000000000000000000e+00
0.000000000000000000e+00 0.000000000000000000e+00
0.000000000000000000e+00 0.000000000000000000e+00
0.000000000000000000e+00 0.000000000000000000e+00
0.000000000000000000e+00 0.000000000000000000e+00
0.000000000000000000e+00 0.000000000000000000e+00
0.000000000000000000e+00 0.000000000000000000e+00
0.000000000000000000e+00 0.000000000000000000e+00
0.000000000000000000e+00 0.000000000000000000e+00
0.000000000000000000e+00 0.000000000000000000e+00
0.000000000000000000e+00 0.000000000000000000e+00
0.000000000000000000e+00 0.000000000000000000e+00
0.000000000000000000e+00 0.000000000000000000e+00
0.000000000000000000e+00 0.000000000000000000e+00
0.000000000000000000e+00 0.000000000000000000e+00
0.000000000000000000e+00 0.000000000000000000e+00
0.000000000000000000e+00 0.000000000000000000e+00
0.000000000000000000e+00 0.000000000000000000e+00
0.000000000000000000e+00 0.000000000000000000e+00
0.000000000000000000e+00 0.000000000000000000e+00
0.000000000000000000e+00 0.000000000000000000e+00
0.000000000000000000e+00 0.000000000000000000e+00
0.000000000000000000e+00 0.000000000000000000e+00
0.000000000000000000e+00 0.000000000000000000e+00
0.000000000000000000e+00 0.000000000000000000e+00
0.000000000000000000e+00 0.000000000000000000e+00
0.000000000000000000e+00 0.000000000000000000e+00
0.000000000000000000e+00 0.000000000000000000e+00
0.000000000000000000e+00 0.000000000000000000e+00
0.000000000000000000e+00 0.000000000000000000e+00
0.000000000000000000e+00 0.000000000000000000e+00
0.000000000000000000e+00 0.000000000000000000e+00
0.000000000000000000e+00 0.000000000000000000e+00
0.000000000000000000e+00 0.000000000000000000e+00
0.000000000000000000e+00 0.000000000000000000e+00
0.000000000000000000e+00 0.000000000000000000e+00
0.000000000000000000e+00 0.000000000000000000e+00
1.000000000000000000e+00 2.076523487899725637e+02
1.000000000000000000e+00 2.076523487899725637e+02
0.000000000000000000e+00 0.000000000000000000e+00
0.000000000000000000e+00 0.000000000000000000e+00
0.000000000000000000e+00 0.000000000000000000e+00
0.000000000000000000e+00 0.000000000000000000e+00
0.000000000000000000e+00 0.000000000000000000e+00
0.000000000000000000e+00 0.000000000000000000e+00
1.000000000000000000e+00 6.830217966404161700e+01
1.000000000000000000e+00 2.076523487899725637e+02
1.000000000000000000e+00 2.076523487899725637e+02
1.000000000000000000e+00 2.076523487899725637e+02
1.000000000000000000e+00 2.076523487899725637e+02
1.000000000000000000e+00 2.076523487899725637e+02
1.000000000000000000e+00 2.076523487899725637e+02
0.000000000000000000e+00 0.000000000000000000e+00
0.000000000000000000e+00 0.000000000000000000e+00
0.000000000000000000e+00 0.000000000000000000e+00
0.000000000000000000e+00 0.000000000000000000e+00
0.000000000000000000e+00 0.000000000000000000e+00
0.000000000000000000e+00 0.000000000000000000e+00
0.000000000000000000e+00 0.000000000000000000e+00
0.000000000000000000e+00 0.000000000000000000e+00
1.000000000000000000e+00 2.076523487899725637e+02
1.000000000000000000e+00 2.076523487899725637e+02
1.000000000000000000e+00 2.076523487899725637e+02
1.000000000000000000e+00 2.076523487899725637e+02
1.000000000000000000e+00 2.076523487899725637e+02
1.000000000000000000e+00 2.076523487899725637e+02
1.000000000000000000e+00 2.076523487899725637e+02
1.000000000000000000e+00 2.076523487899725637e+02
0.000000000000000000e+00 0.000000000000000000e+00
0.000000000000000000e+00 0.000000000000000000e+00
0.000000000000000000e+00 0.000000000000000000e+00
0.000000000000000000e+00 0.000000000000000000e+00
0.000000000000000000e+00 0.000000000000000000e+00
1.000000000000000000e+00 6.732294488175602964e+01
1.000000000000000000e+00 6.635774919402871319e+01
1.000000000000000000e+00 6.635774919402871319e+01
1.000000000000000000e+00 6.635774919402871319e+01
1.000000000000000000e+00 6.635774919402871319e+01
1.000000000000000000e+00 6.635774919402871319e+01
1.000000000000000000e+00 6.635774919402871319e+01
1.000000000000000000e+00 6.635774919402871319e+01
1.000000000000000000e+00 6.635774919402871319e+01
1.000000000000000000e+00 6.635774919402871319e+01
1.000000000000000000e+00 6.635774919402871319e+01
0.000000000000000000e+00 0.000000000000000000e+00
0.000000000000000000e+00 0.000000000000000000e+00
0.000000000000000000e+00 0.000000000000000000e+00
1.000000000000000000e+00 6.635774919402871319e+01
1.000000000000000000e+00 6.635774919402871319e+01
0.000000000000000000e+00 0.000000000000000000e+00
0.000000000000000000e+00 0.000000000000000000e+00
0.000000000000000000e+00 0.000000000000000000e+00
0.000000000000000000e+00 0.000000000000000000e+00
0.000000000000000000e+00 0.000000000000000000e+00
0.000000000000000000e+00 0.000000000000000000e+00
0.000000000000000000e+00 0.000000000000000000e+00
0.000000000000000000e+00 0.000000000000000000e+00
0.000000000000000000e+00 0.000000000000000000e+00
0.000000000000000000e+00 0.000000000000000000e+00
0.000000000000000000e+00 0.000000000000000000e+00
0.000000000000000000e+00 0.000000000000000000e+00
0.000000000000000000e+00 0.000000000000000000e+00
0.000000000000000000e+00 0.000000000000000000e+00
0.000000000000000000e+00 0.000000000000000000e+00
0.000000000000000000e+00 0.000000000000000000e+00
0.000000000000000000e+00 0.000000000000000000e+00
1.000000000000000000e+00 2.106727217536862042e+02
1.000000000000000000e+00 2.137370270537932981e+02
1.000000000000000000e+00 2.137370270537932981e+02
1.000000000000000000e+00 2.168459037008412622e+02
1.000000000000000000e+00 2.168459037008412622e+02
1.000000000000000000e+00 2.168459037008412622e+02
1.000000000000000000e+00 2.200000000000000000e+02
1.000000000000000000e+00 2.200000000000000000e+02
1.000000000000000000e+00 2.200000000000000000e+02
1.000000000000000000e+00 2.200000000000000000e+02
1.000000000000000000e+00 2.200000000000000000e+02
1.000000000000000000e+00 2.200000000000000000e+02
1.000000000000000000e+00 2.200000000000000000e+02
1.000000000000000000e+00 2.200000000000000000e+02
1.000000000000000000e+00 2.200000000000000000e+02
1.000000000000000000e+00 2.200000000000000000e+02
1.000000000000000000e+00 2.200000000000000000e+02
1.000000000000000000e+00 2.200000000000000000e+02
1.000000000000000000e+00 2.200000000000000000e+02
1.000000000000000000e+00 2.200000000000000000e+02
1.000000000000000000e+00 2.200000000000000000e+02
1.000000000000000000e+00 2.200000000000000000e+02
1.000000000000000000e+00 2.200000000000000000e+02
1.000000000000000000e+00 2.200000000000000000e+02
1.000000000000000000e+00 2.200000000000000000e+02
1.000000000000000000e+00 2.200000000000000000e+02
1.000000000000000000e+00 2.200000000000000000e+02
1.000000000000000000e+00 2.200000000000000000e+02
1.000000000000000000e+00 2.200000000000000000e+02
1.000000000000000000e+00 2.200000000000000000e+02
1.000000000000000000e+00 2.200000000000000000e+02
1.000000000000000000e+00 2.200000000000000000e+02
1.000000000000000000e+00 2.200000000000000000e+02
1.000000000000000000e+00 2.200000000000000000e+02
1.000000000000000000e+00 2.200000000000000000e+02
1.000000000000000000e+00 2.200000000000000000e+02
1.000000000000000000e+00 2.200000000000000000e+02
1.000000000000000000e+00 2.200000000000000000e+02
1.000000000000000000e+00 2.200000000000000000e+02
1.000000000000000000e+00 2.200000000000000000e+02
1.000000000000000000e+00 2.200000000000000000e+02
1.000000000000000000e+00 2.200000000000000000e+02
1.000000000000000000e+00 2.200000000000000000e+02
0.000000000000000000e+00 0.000000000000000000e+00
0.000000000000000000e+00 0.000000000000000000e+00
0.000000000000000000e+00 0.000000000000000000e+00
0.000000000000000000e+00 0.000000000000000000e+00
0.000000000000000000e+00 0.000000000000000000e+00
0.000000000000000000e+00 0.000000000000000000e+00
0.000000000000000000e+00 0.000000000000000000e+00
0.000000000000000000e+00 0.000000000000000000e+00
1.000000000000000000e+00 2.231999736862552197e+02
1.000000000000000000e+00 2.231999736862552197e+02
1.000000000000000000e+00 2.200000000000000000e+02
1.000000000000000000e+00 2.200000000000000000e+02
1.000000000000000000e+00 2.200000000000000000e+02
1.000000000000000000e+00 2.200000000000000000e+02
1.000000000000000000e+00 2.200000000000000000e+02
1.000000000000000000e+00 2.200000000000000000e+02
1.000000000000000000e+00 2.168459037008412622e+02
1.000000000000000000e+00 2.168459037008412622e+02
1.000000000000000000e+00 2.168459037008412622e+02
1.000000000000000000e+00 2.168459037008412622e+02
1.000000000000000000e+00 2.168459037008412622e+02
1.000000000000000000e+00 2.137370270537932981e+02
1.000000000000000000e+00 2.137370270537932981e+02
1.000000000000000000e+00 2.168459037008412622e+02
1.000000000000000000e+00 2.168459037008412622e+02
1.000000000000000000e+00 2.200000000000000000e+02
1.000000000000000000e+00 2.200000000000000000e+02
0.000000000000000000e+00 0.000000000000000000e+00
0.000000000000000000e+00 0.000000000000000000e+00
1.000000000000000000e+00 2.297402321340310323e+02
1.000000000000000000e+00 2.297402321340310323e+02
1.000000000000000000e+00 2.330818807590449637e+02
1.000000000000000000e+00 2.330818807590449637e+02
1.000000000000000000e+00 2.364721347825532121e+02
1.000000000000000000e+00 2.364721347825532121e+02
1.000000000000000000e+00 2.399117011863566802e+02
0.000000000000000000e+00 0.000000000000000000e+00
1.000000000000000000e+00 2.469416506280620638e+02
1.000000000000000000e+00 2.505334996464721371e+02
1.000000000000000000e+00 2.505334996464721371e+02
1.000000000000000000e+00 2.505334996464721371e+02
1.000000000000000000e+00 2.505334996464721371e+02
0.000000000000000000e+00 0.000000000000000000e+00
0.000000000000000000e+00 0.000000000000000000e+00
1.000000000000000000e+00 3.202437002252812590e+02
1.000000000000000000e+00 3.156524299084200607e+02
1.000000000000000000e+00 3.202437002252812590e+02
1.000000000000000000e+00 3.156524299084200607e+02
1.000000000000000000e+00 3.156524299084200607e+02
0.000000000000000000e+00 0.000000000000000000e+00
0.000000000000000000e+00 0.000000000000000000e+00
0.000000000000000000e+00 0.000000000000000000e+00
1.000000000000000000e+00 1.931877376410629381e+02
1.000000000000000000e+00 1.931877376410629381e+02
1.000000000000000000e+00 1.959977179908746336e+02
1.000000000000000000e+00 1.959977179908746336e+02
1.000000000000000000e+00 1.931877376410629381e+02
1.000000000000000000e+00 1.931877376410629381e+02
0.000000000000000000e+00 0.000000000000000000e+00
0.000000000000000000e+00 0.000000000000000000e+00
0.000000000000000000e+00 0.000000000000000000e+00
0.000000000000000000e+00 0.000000000000000000e+00
0.000000000000000000e+00 0.000000000000000000e+00
0.000000000000000000e+00 0.000000000000000000e+00
0.000000000000000000e+00 0.000000000000000000e+00
0.000000000000000000e+00 0.000000000000000000e+00
0.000000000000000000e+00 0.000000000000000000e+00
1.000000000000000000e+00 1.771539365144179783e+02
1.000000000000000000e+00 1.771539365144179783e+02
1.000000000000000000e+00 1.771539365144179783e+02
1.000000000000000000e+00 1.771539365144179783e+02
1.000000000000000000e+00 1.771539365144179783e+02
0.000000000000000000e+00 0.000000000000000000e+00
0.000000000000000000e+00 0.000000000000000000e+00
0.000000000000000000e+00 0.000000000000000000e+00
0.000000000000000000e+00 0.000000000000000000e+00
0.000000000000000000e+00 0.000000000000000000e+00
1.000000000000000000e+00 2.771826309768720762e+02
1.000000000000000000e+00 2.771826309768720762e+02
0.000000000000000000e+00 0.000000000000000000e+00
1.000000000000000000e+00 2.654309967761147959e+02
1.000000000000000000e+00 2.616255653005986233e+02
1.000000000000000000e+00 2.616255653005986233e+02
1.000000000000000000e+00 2.616255653005986233e+02
1.000000000000000000e+00 2.616255653005986233e+02
1.000000000000000000e+00 2.616255653005986233e+02
1.000000000000000000e+00 2.616255653005986233e+02
1.000000000000000000e+00 2.578746915402352897e+02
1.000000000000000000e+00 1.289373457701176733e+02
0.000000000000000000e+00 0.000000000000000000e+00
0.000000000000000000e+00 0.000000000000000000e+00
0.000000000000000000e+00 0.000000000000000000e+00
0.000000000000000000e+00 0.000000000000000000e+00
0.000000000000000000e+00 0.000000000000000000e+00
0.000000000000000000e+00 0.000000000000000000e+00
0.000000000000000000e+00 0.000000000000000000e+00
0.000000000000000000e+00 0.000000000000000000e+00
0.000000000000000000e+00 0.000000000000000000e+00
0.000000000000000000e+00 0.000000000000000000e+00
0.000000000000000000e+00 0.000000000000000000e+00
0.000000000000000000e+00 0.000000000000000000e+00
0.000000000000000000e+00 0.000000000000000000e+00
0.000000000000000000e+00 0.000000000000000000e+00
0.000000000000000000e+00 0.000000000000000000e+00
0.000000000000000000e+00 0.000000000000000000e+00
0.000000000000000000e+00 0.000000000000000000e+00
0.000000000000000000e+00 0.000000000000000000e+00
0.000000000000000000e+00 0.000000000000000000e+00
0.000000000000000000e+00 0.000000000000000000e+00
0.000000000000000000e+00 0.000000000000000000e+00
0.000000000000000000e+00 0.000000000000000000e+00
0.000000000000000000e+00 0.000000000000000000e+00
0.000000000000000000e+00 0.000000000000000000e+00
0.000000000000000000e+00 0.000000000000000000e+00
0.000000000000000000e+00 0.000000000000000000e+00
0.000000000000000000e+00 0.000000000000000000e+00
0.000000000000000000e+00 0.000000000000000000e+00
0.000000000000000000e+00 0.000000000000000000e+00
0.000000000000000000e+00 0.000000000000000000e+00
0.000000000000000000e+00 0.000000000000000000e+00
0.000000000000000000e+00 0.000000000000000000e+00
0.000000000000000000e+00 0.000000000000000000e+00
0.000000000000000000e+00 0.000000000000000000e+00
0.000000000000000000e+00 0.000000000000000000e+00
0.000000000000000000e+00 0.000000000000000000e+00
0.000000000000000000e+00 0.000000000000000000e+00
0.000000000000000000e+00 0.000000000000000000e+00
0.000000000000000000e+00 0.000000000000000000e+00
0.000000000000000000e+00 0.000000000000000000e+00
0.000000000000000000e+00 0.000000000000000000e+00
0.000000000000000000e+00 0.000000000000000000e+00
0.000000000000000000e+00 0.000000000000000000e+00
0.000000000000000000e+00 0.000000000000000000e+00
0.000000000000000000e+00 0.000000000000000000e+00
0.000000000000000000e+00 0.000000000000000000e+00
0.000000000000000000e+00 0.000000000000000000e+00
0.000000000000000000e+00 0.000000000000000000e+00
0.000000000000000000e+00 0.000000000000000000e+00
0.000000000000000000e+00 0.000000000000000000e+00
0.000000000000000000e+00 0.000000000000000000e+00
0.000000000000000000e+00 0.000000000000000000e+00
0.000000000000000000e+00 0.000000000000000000e+00
0.000000000000000000e+00 0.000000000000000000e+00
0.000000000000000000e+00 0.000000000000000000e+00
0.000000000000000000e+00 0.000000000000000000e+00
0.000000000000000000e+00 0.000000000000000000e+00
0.000000000000000000e+00 0.000000000000000000e+00
0.000000000000000000e+00 0.000000000000000000e+00
0.000000000000000000e+00 0.000000000000000000e+00
0.000000000000000000e+00 0.000000000000000000e+00
1.000000000000000000e+00 1.624508760533449276e+02
1.000000000000000000e+00 1.624508760533449276e+02
1.000000000000000000e+00 1.624508760533449276e+02
1.000000000000000000e+00 1.624508760533449276e+02
0.000000000000000000e+00 0.000000000000000000e+00
0.000000000000000000e+00 0.000000000000000000e+00
0.000000000000000000e+00 0.000000000000000000e+00
0.000000000000000000e+00 0.000000000000000000e+00
0.000000000000000000e+00 0.000000000000000000e+00
0.000000000000000000e+00 0.000000000000000000e+00
0.000000000000000000e+00 0.000000000000000000e+00
0.000000000000000000e+00 0.000000000000000000e+00
0.000000000000000000e+00 0.000000000000000000e+00
0.000000000000000000e+00 0.000000000000000000e+00
0.000000000000000000e+00 0.000000000000000000e+00
0.000000000000000000e+00 0.000000000000000000e+00
0.000000000000000000e+00 0.000000000000000000e+00
0.000000000000000000e+00 0.000000000000000000e+00
0.000000000000000000e+00 0.000000000000000000e+00
0.000000000000000000e+00 0.000000000000000000e+00
0.000000000000000000e+00 0.000000000000000000e+00
0.000000000000000000e+00 0.000000000000000000e+00
0.000000000000000000e+00 0.000000000000000000e+00
0.000000000000000000e+00 0.000000000000000000e+00
0.000000000000000000e+00 0.000000000000000000e+00
0.000000000000000000e+00 0.000000000000000000e+00
0.000000000000000000e+00 0.000000000000000000e+00
0.000000000000000000e+00 0.000000000000000000e+00
0.000000000000000000e+00 0.000000000000000000e+00
0.000000000000000000e+00 0.000000000000000000e+00
0.000000000000000000e+00 0.000000000000000000e+00
0.000000000000000000e+00 0.000000000000000000e+00
0.000000000000000000e+00 0.000000000000000000e+00
0.000000000000000000e+00 0.000000000000000000e+00
