0.000000000000000000e+00 0.000000000000000000e+00
1.000000000000000000e+00 2.732087186561664680e+02
1.000000000000000000e+00 2.732087186561664680e+02
1.000000000000000000e+00 2.732087186561664680e+02
1.000000000000000000e+00 2.732087186561664680e+02
1.000000000000000000e+00 2.732087186561664680e+02
0.000000000000000000e+00 0.000000000000000000e+00
0.000000000000000000e+00 0.000000000000000000e+00
0.000000000000000000e+00 0.000000000000000000e+00
0.000000000000000000e+00 0.000000000000000000e+00
1.000000000000000000e+00 2.469416506280620638e+02
1.000000000000000000e+00 2.505334996464721371e+02
1.000000000000000000e+00 2.541775933119000399e+02
1.000000000000000000e+00 2.578746915402352897e+02
1.000000000000000000e+00 2.578746915402352897e+02
1.000000000000000000e+00 2.616255653005986233e+02
1.000000000000000000e+00 2.578746915402352897e+02
1.000000000000000000e+00 2.541775933119000399e+02
0.000000000000000000e+00 0.000000000000000000e+00
0.000000000000000000e+00 0.000000000000000000e+00
0.000000000000000000e+00 0.000000000000000000e+00
0.000000000000000000e+00 0.000000000000000000e+00
0.000000000000000000e+00 0.000000000000000000e+00
0.000000000000000000e+00 0.000000000000000000e+00
1.000000000000000000e+00 6.635774919402871319e+01
1.000000000000000000e+00 6.635774919402871319e+01
0.000000000000000000e+00 0.000000000000000000e+00
0.000000000000000000e+00 0.000000000000000000e+00
0.000000000000000000e+00 0.000000000000000000e+00
0.000000000000000000e+00 0.000000000000000000e+00
0.000000000000000000e+00 0.000000000000000000e+00
0.000000000000000000e+00 0.000000000000000000e+00
1.000000000000000000e+00 2.853047020232221485e+02
1.000000000000000000e+00 2.853047020232221485e+02
1.000000000000000000e+00 2.853047020232221485e+02
1.000000000000000000e+00 2.853047020232221485e+02
1.000000000000000000e+00 2.812143451832947108e+02
1.000000000000000000e+00 2.812143451832947108e+02
1.000000000000000000e+00 2.812143451832947108e+02
1.000000000000000000e+00 2.812143451832947108e+02
1.000000000000000000e+00 2.812143451832947108e+02
1.000000000000000000e+00 2.812143451832947108e+02
1.000000000000000000e+00 2.812143451832947108e+02
1.000000000000000000e+00 2.771826309768720762e+02
1.000000000000000000e+00 2.771826309768720762e+02
1.000000000000000000e+00 2.771826309768720762e+02
1.000000000000000000e+00 2.812143451832947108e+02
1.000000000000000000e+00 2.812143451832947108e+02
1.000000000000000000e+00 2.812143451832947108e+02
1.000000000000000000e+00 2.812143451832947108e+02
1.000000000000000000e+00 2.812143451832947108e+02
1.000000000000000000e+00 2.771826309768720762e+02
1.000000000000000000e+00 2.771826309768720762e+02
1.000000000000000000e+00 2.732087186561664680e+02
1.000000000000000000e+00 2.654309967761147959e+02
0.000000000000000000e+00 0.000000000000000000e+00
0.000000000000000000e+00 0.000000000000000000e+00
0.000000000000000000e+00 0.000000000000000000e+00
0.000000000000000000e+00 0.000000000000000000e+00
1.000000000000000000e+00 2.853047020232221485e+02
1.000000000000000000e+00 2.853047020232221485e+02
1.000000000000000000e+00 2.812143451832947108e+02
1.000000000000000000e+00 2.812143451832947108e+02
1.000000000000000000e+00 2.812143451832947108e+02
1.000000000000000000e+00 2.812143451832947108e+02
0.000000000000000000e+00 0.000000000000000000e+00
0.000000000000000000e+00 0.000000000000000000e+00
0.000000000000000000e+00 0.000000000000000000e+00
0.000000000000000000e+00 0.000000000000000000e+00
1.000000000000000000e+00 7.030358629582367769e+01
1.000000000000000000e+00 7.030358629582367769e+01
1.000000000000000000e+00 7.030358629582367769e+01
1.000000000000000000e+00 7.030358629582367769e+01
0.000000000000000000e+00 0.000000000000000000e+00
0.000000000000000000e+00 0.000000000000000000e+00
0.000000000000000000e+00 0.000000000000000000e+00
0.000000000000000000e+00 0.000000000000000000e+00
0.000000000000000000e+00 0.000000000000000000e+00
0.000000000000000000e+00 0.000000000000000000e+00
0.000000000000000000e+00 0.000000000000000000e+00
0.000000000000000000e+00 0.000000000000000000e+00
0.000000000000000000e+00 0.000000000000000000e+00
0.000000000000000000e+00 0.000000000000000000e+00
0.000000000000000000e+00 0.000000000000000000e+00
0.000000000000000000e+00 0.000000000000000000e+00
0.000000000000000000e+00 0.000000000000000000e+00
0.000000000000000000e+00 0.000000000000000000e+00
0.000000000000000000e+00 0.000000000000000000e+00
0.000000000000000000e+00 0.000000000000000000e+00
0.000000000000000000e+00 0.000000000000000000e+00
0.000000000000000000e+00 0.000000000000000000e+00
0.000000000000000000e+00 0.000000000000000000e+00
1.000000000000000000e+00 2.297402321340310323e+02
1.000000000000000000e+00 2.264464920615682502e+02
1.000000000000000000e+00 2.264464920615682502e+02
1.000000000000000000e+00 2.231999736862552197e+02
1.000000000000000000e+00 2.231999736862552197e+02
1.000000000000000000e+00 2.231999736862552197e+02
1.000000000000000000e+00 2.231999736862552197e+02
1.000000000000000000e+00 2.231999736862552197e+02
1.000000000000000000e+00 2.231999736862552197e+02
1.000000000000000000e+00 2.264464920615682502e+02
1.000000000000000000e+00 2.264464920615682502e+02
0.000000000000000000e+00 0.000000000000000000e+00
0.000000000000000000e+00 0.000000000000000000e+00
0.000000000000000000e+00 0.000000000000000000e+00
0.000000000000000000e+00 0.000000000000000000e+00
0.000000000000000000e+00 0.000000000000000000e+00
0.000000000000000000e+00 0.000000000000000000e+00
0.000000000000000000e+00 0.000000000000000000e+00
0.000000000000000000e+00 0.000000000000000000e+00
0.000000000000000000e+00 0.000000000000000000e+00
0.000000000000000000e+00 0.000000000000000000e+00
0.000000000000000000e+00 0.000000000000000000e+00
0.000000000000000000e+00 0.000000000000000000e+00
0.000000000000000000e+00 0.000000000000000000e+00
0.000000000000000000e+00 0.000000000000000000e+00
1.000000000000000000e+00 2.616255653005986233e+02
1.000000000000000000e+00 2.578746915402352897e+02
1.000000000000000000e+00 2.578746915402352897e+02
1.000000000000000000e+00 2.578746915402352897e+02
1.000000000000000000e+00 2.578746915402352897e+02
1.000000000000000000e+00 2.578746915402352897e+02
1.000000000000000000e+00 2.616255653005986233e+02
1.000000000000000000e+00 2.654309967761147959e+02
1.000000000000000000e+00 2.692917795270241186e+02
1.000000000000000000e+00 2.732087186561664680e+02
1.000000000000000000e+00 2.771826309768720762e+02
1.000000000000000000e+00 2.771826309768720762e+02
1.000000000000000000e+00 2.771826309768720762e+02
1.000000000000000000e+00 2.812143451832947108e+02
1.000000000000000000e+00 2.812143451832947108e+02
1.000000000000000000e+00 2.812143451832947108e+02
1.000000000000000000e+00 2.812143451832947108e+02
1.000000000000000000e+00 2.812143451832947108e+02
1.000000000000000000e+00 2.853047020232221485e+02
1.000000000000000000e+00 2.853047020232221485e+02
1.000000000000000000e+00 2.853047020232221485e+02
1.000000000000000000e+00 2.853047020232221485e+02
1.000000000000000000e+00 2.853047020232221485e+02
1.000000000000000000e+00 3.249017521066898553e+02
1.000000000000000000e+00 3.249017521066898553e+02
1.000000000000000000e+00 3.296275569128699203e+02
1.000000000000000000e+00 3.344221001328052694e+02
1.000000000000000000e+00 3.344221001328052694e+02
1.000000000000000000e+00 3.344221001328052694e+02
1.000000000000000000e+00 3.344221001328052694e+02
1.000000000000000000e+00 3.344221001328052694e+02
1.000000000000000000e+00 3.344221001328052694e+02
1.000000000000000000e+00 3.392863815897469522e+02
1.000000000000000000e+00 3.392863815897469522e+02
0.000000000000000000e+00 0.000000000000000000e+00
0.000000000000000000e+00 0.000000000000000000e+00
0.000000000000000000e+00 0.000000000000000000e+00
0.000000000000000000e+00 0.000000000000000000e+00
0.000000000000000000e+00 0.000000000000000000e+00
0.000000000000000000e+00 0.000000000000000000e+00
0.000000000000000000e+00 0.000000000000000000e+00
0.000000000000000000e+00 0.000000000000000000e+00
0.000000000000000000e+00 0.000000000000000000e+00
0.000000000000000000e+00 0.000000000000000000e+00
0.000000000000000000e+00 0.000000000000000000e+00
0.000000000000000000e+00 0.000000000000000000e+00
0.000000000000000000e+00 0.000000000000000000e+00
0.000000000000000000e+00 0.000000000000000000e+00
0.000000000000000000e+00 0.000000000000000000e+00
0.000000000000000000e+00 0.000000000000000000e+00
0.000000000000000000e+00 0.000000000000000000e+00
1.000000000000000000e+00 5.083551866238000798e+02
1.000000000000000000e+00 2.541775933119000399e+02
1.000000000000000000e+00 2.541775933119000399e+02
1.000000000000000000e+00 2.541775933119000399e+02
1.000000000000000000e+00 2.541775933119000399e+02
1.000000000000000000e+00 2.541775933119000399e+02
1.000000000000000000e+00 2.541775933119000399e+02
1.000000000000000000e+00 2.541775933119000399e+02
1.000000000000000000e+00 2.505334996464721371e+02
0.000000000000000000e+00 0.000000000000000000e+00
1.000000000000000000e+00 2.364721347825532121e+02
1.000000000000000000e+00 2.297402321340310323e+02
1.000000000000000000e+00 2.264464920615682502e+02
1.000000000000000000e+00 2.231999736862552197e+02
1.000000000000000000e+00 2.231999736862552197e+02
1.000000000000000000e+00 2.231999736862552197e+02
1.000000000000000000e+00 2.200000000000000000e+02
0.000000000000000000e+00 0.000000000000000000e+00
0.000000000000000000e+00 0.000000000000000000e+00
1.000000000000000000e+00 2.231999736862552197e+02
1.000000000000000000e+00 2.231999736862552197e+02
1.000000000000000000e+00 2.264464920615682502e+02
1.000000000000000000e+00 2.264464920615682502e+02
1.000000000000000000e+00 2.264464920615682502e+02
1.000000000000000000e+00 2.231999736862552197e+02
1.000000000000000000e+00 2.231999736862552197e+02
1.000000000000000000e+00 2.231999736862552197e+02
1.000000000000000000e+00 2.231999736862552197e+02
1.000000000000000000e+00 2.200000000000000000e+02
0.000000000000000000e+00 0.000000000000000000e+00
0.000000000000000000e+00 0.000000000000000000e+00
0.000000000000000000e+00 0.000000000000000000e+00
0.000000000000000000e+00 0.000000000000000000e+00
0.000000000000000000e+00 0.000000000000000000e+00
0.000000000000000000e+00 0.000000000000000000e+00
0.000000000000000000e+00 0.000000000000000000e+00
0.000000000000000000e+00 0.000000000000000000e+00
0.000000000000000000e+00 0.000000000000000000e+00
0.000000000000000000e+00 0.000000000000000000e+00
0.000000000000000000e+00 0.000000000000000000e+00
0.000000000000000000e+00 0.000000000000000000e+00
0.000000000000000000e+00 0.000000000000000000e+00
0.000000000000000000e+00 0.000000000000000000e+00
0.000000000000000000e+00 0.000000000000000000e+00
0.000000000000000000e+00 0.000000000000000000e+00
0.000000000000000000e+00 0.000000000000000000e+00
1.000000000000000000e+00 2.692917795270241186e+02
1.000000000000000000e+00 2.732087186561664680e+02
1.000000000000000000e+00 2.732087186561664680e+02
1.000000000000000000e+00 2.771826309768720762e+02
1.000000000000000000e+00 2.812143451832947108e+02
1.000000000000000000e+00 2.853047020232221485e+02
1.000000000000000000e+00 2.894545544734002647e+02
1.000000000000000000e+00 2.979362203261163700e+02
1.000000000000000000e+00 3.022698024407795856e+02
1.000000000000000000e+00 3.022698024407795856e+02
1.000000000000000000e+00 3.022698024407795856e+02
1.000000000000000000e+00 2.979362203261163700e+02
1.000000000000000000e+00 2.979362203261163700e+02
1.000000000000000000e+00 2.979362203261163700e+02
1.000000000000000000e+00 2.979362203261163700e+02
1.000000000000000000e+00 2.979362203261163700e+02
1.000000000000000000e+00 2.979362203261163700e+02
1.000000000000000000e+00 2.936647679174075733e+02
1.000000000000000000e+00 2.894545544734002647e+02
1.000000000000000000e+00 2.894545544734002647e+02
1.000000000000000000e+00 2.894545544734002647e+02
1.000000000000000000e+00 2.853047020232221485e+02
1.000000000000000000e+00 2.853047020232221485e+02
1.000000000000000000e+00 2.853047020232221485e+02
1.000000000000000000e+00 2.853047020232221485e+02
1.000000000000000000e+00 2.853047020232221485e+02
1.000000000000000000e+00 2.853047020232221485e+02
1.000000000000000000e+00 2.812143451832947108e+02
1.000000000000000000e+00 2.812143451832947108e+02
1.000000000000000000e+00 2.812143451832947108e+02
1.000000000000000000e+00 2.812143451832947108e+02
1.000000000000000000e+00 2.812143451832947108e+02
1.000000000000000000e+00 2.812143451832947108e+02
1.000000000000000000e+00 2.771826309768720762e+02
1.000000000000000000e+00 2.771826309768720762e+02
1.000000000000000000e+00 2.771826309768720762e+02
1.000000000000000000e+00 2.771826309768720762e+02
0.000000000000000000e+00 0.000000000000000000e+00
0.000000000000000000e+00 0.000000000000000000e+00
0.000000000000000000e+00 0.000000000000000000e+00
0.000000000000000000e+00 0.000000000000000000e+00
0.000000000000000000e+00 0.000000000000000000e+00
0.000000000000000000e+00 0.000000000000000000e+00
0.000000000000000000e+00 0.000000000000000000e+00
0.000000000000000000e+00 0.000000000000000000e+00
0.000000000000000000e+00 0.000000000000000000e+00
0.000000000000000000e+00 0.000000000000000000e+00
0.000000000000000000e+00 0.000000000000000000e+00
0.000000000000000000e+00 0.000000000000000000e+00
0.000000000000000000e+00 0.000000000000000000e+00
0.000000000000000000e+00 0.000000000000000000e+00
0.000000000000000000e+00 0.000000000000000000e+00
0.000000000000000000e+00 0.000000000000000000e+00
0.000000000000000000e+00 0.000000000000000000e+00
0.000000000000000000e+00 0.000000000000000000e+00
0.000000000000000000e+00 0.000000000000000000e+00
0.000000000000000000e+00 0.000000000000000000e+00
0.000000000000000000e+00 0.000000000000000000e+00
0.000000000000000000e+00 0.000000000000000000e+00
0.000000000000000000e+00 0.000000000000000000e+00
0.000000000000000000e+00 0.000000000000000000e+00
0.000000000000000000e+00 0.000000000000000000e+00
0.000000000000000000e+00 0.000000000000000000e+00
0.000000000000000000e+00 0.000000000000000000e+00
0.000000000000000000e+00 0.000000000000000000e+00
0.000000000000000000e+00 0.000000000000000000e+00
0.000000000000000000e+00 0.000000000000000000e+00
0.000000000000000000e+00 0.000000000000000000e+00
0.000000000000000000e+00 0.000000000000000000e+00
0.000000000000000000e+00 0.000000000000000000e+00
0.000000000000000000e+00 0.000000000000000000e+00
0.000000000000000000e+00 0.000000000000000000e+00
0.000000000000000000e+00 0.000000000000000000e+00
0.000000000000000000e+00 0.000000000000000000e+00
0.000000000000000000e+00 0.000000000000000000e+00
0.000000000000000000e+00 0.000000000000000000e+00
0.000000000000000000e+00 0.000000000000000000e+00
0.000000000000000000e+00 0.000000000000000000e+00
0.000000000000000000e+00 0.000000000000000000e+00
0.000000000000000000e+00 0.000000000000000000e+00
0.000000000000000000e+00 0.000000000000000000e+00
0.000000000000000000e+00 0.000000000000000000e+00
0.000000000000000000e+00 0.000000000000000000e+00
0.000000000000000000e+00 0.000000000000000000e+00
0.000000000000000000e+00 0.000000000000000000e+00
0.000000000000000000e+00 0.000000000000000000e+00
0.000000000000000000e+00 0.000000000000000000e+00
0.000000000000000000e+00 0.000000000000000000e+00
0.000000000000000000e+00 0.000000000000000000e+00
0.000000000000000000e+00 0.000000000000000000e+00
0.000000000000000000e+00 0.000000000000000000e+00
0.000000000000000000e+00 0.000000000000000000e+00
0.000000000000000000e+00 0.000000000000000000e+00
0.000000000000000000e+00 0.000000000000000000e+00
0.000000000000000000e+00 0.000000000000000000e+00
0.000000000000000000e+00 0.000000000000000000e+00
0.000000000000000000e+00 0.000000000000000000e+00
0.000000000000000000e+00 0.000000000000000000e+00
1.000000000000000000e+00 2.505334996464721371e+02
1.000000000000000000e+00 2.505334996464721371e+02
1.000000000000000000e+00 2.505334996464721371e+02
1.000000000000000000e+00 2.505334996464721371e+02
1.000000000000000000e+00 2.505334996464721371e+02
0.000000000000000000e+00 0.000000000000000000e+00
0.000000000000000000e+00 0.000000000000000000e+00
0.000000000000000000e+00 0.000000000000000000e+00
0.000000000000000000e+00 0.000000000000000000e+00
1.000000000000000000e+00 2.654309967761147959e+02
1.000000000000000000e+00 2.654309967761147959e+02
1.000000000000000000e+00 2.692917795270241186e+02
1.000000000000000000e+00 2.732087186561664680e+02
1.000000000000000000e+00 2.771826309768720762e+02
1.000000000000000000e+00 2.771826309768720762e+02
1.000000000000000000e+00 2.812143451832947108e+02
1.000000000000000000e+00 2.812143451832947108e+02
1.000000000000000000e+00 2.812143451832947108e+02
1.000000000000000000e+00 2.812143451832947108e+02
1.000000000000000000e+00 2.812143451832947108e+02
1.000000000000000000e+00 2.812143451832947108e+02
0.000000000000000000e+00 0.000000000000000000e+00
0.000000000000000000e+00 0.000000000000000000e+00
0.000000000000000000e+00 0.000000000000000000e+00
0.000000000000000000e+00 0.000000000000000000e+00
0.000000000000000000e+00 0.000000000000000000e+00
1.000000000000000000e+00 2.004267997171777097e+03
1.000000000000000000e+00 2.004267997171777097e+03
1.000000000000000000e+00 2.004267997171777097e+03
1.000000000000000000e+00 3.296275569128699203e+02
0.000000000000000000e+00 0.000000000000000000e+00
0.000000000000000000e+00 0.000000000000000000e+00
0.000000000000000000e+00 0.000000000000000000e+00
0.000000000000000000e+00 0.000000000000000000e+00
0.000000000000000000e+00 0.000000000000000000e+00
0.000000000000000000e+00 0.000000000000000000e+00
0.000000000000000000e+00 0.000000000000000000e+00
0.000000000000000000e+00 0.000000000000000000e+00
0.000000000000000000e+00 0.000000000000000000e+00
0.000000000000000000e+00 0.000000000000000000e+00
0.000000000000000000e+00 0.000000000000000000e+00
0.000000000000000000e+00 0.000000000000000000e+00
0.000000000000000000e+00 0.000000000000000000e+00
0.000000000000000000e+00 0.000000000000000000e+00
0.000000000000000000e+00 0.000000000000000000e+00
0.000000000000000000e+00 0.000000000000000000e+00
0.000000000000000000e+00 0.000000000000000000e+00
0.000000000000000000e+00 0.000000000000000000e+00
1.000000000000000000e+00 2.654309967761147959e+02
1.000000000000000000e+00 2.616255653005986233e+02
1.000000000000000000e+00 2.616255653005986233e+02
1.000000000000000000e+00 2.616255653005986233e+02
1.000000000000000000e+00 2.578746915402352897e+02
1.000000000000000000e+00 2.541775933119000399e+02
1.000000000000000000e+00 2.541775933119000399e+02
1.000000000000000000e+00 2.541775933119000399e+02
1.000000000000000000e+00 2.541775933119000399e+02
0.000000000000000000e+00 0.000000000000000000e+00
0.000000000000000000e+00 0.000000000000000000e+00
0.000000000000000000e+00 0.000000000000000000e+00
0.000000000000000000e+00 0.000000000000000000e+00
0.000000000000000000e+00 0.000000000000000000e+00
0.000000000000000000e+00 0.000000000000000000e+00
1.000000000000000000e+00 2.231999736862552197e+02
1.000000000000000000e+00 2.231999736862552197e+02
1.000000000000000000e+00 2.200000000000000000e+02
0.000000000000000000e+00 0.000000000000000000e+00
0.000000000000000000e+00 0.000000000000000000e+00
0.000000000000000000e+00 0.000000000000000000e+00
0.000000000000000000e+00 0.000000000000000000e+00
0.000000000000000000e+00 0.000000000000000000e+00
0.000000000000000000e+00 0.000000000000000000e+00
0.000000000000000000e+00 0.000000000000000000e+00
0.000000000000000000e+00 0.000000000000000000e+00
0.000000000000000000e+00 0.000000000000000000e+00
0.000000000000000000e+00 0.000000000000000000e+00
0.000000000000000000e+00 0.000000000000000000e+00
0.000000000000000000e+00 0.000000000000000000e+00
0.000000000000000000e+00 0.000000000000000000e+00
0.000000000000000000e+00 0.000000000000000000e+00
0.000000000000000000e+00 0.000000000000000000e+00
0.000000000000000000e+00 0.000000000000000000e+00
0.000000000000000000e+00 0.000000000000000000e+00
1.000000000000000000e+00 2.541775933119000399e+02
1.000000000000000000e+00 2.541775933119000399e+02
1.000000000000000000e+00 2.541775933119000399e+02
1.000000000000000000e+00 2.541775933119000399e+02
0.000000000000000000e+00 0.000000000000000000e+00
0.000000000000000000e+00 0.000000000000000000e+00
0.000000000000000000e+00 0.000000000000000000e+00
0.000000000000000000e+00 0.000000000000000000e+00
0.000000000000000000e+00 0.000000000000000000e+00
0.000000000000000000e+00 0.000000000000000000e+00
0.000000000000000000e+00 0.000000000000000000e+00
0.000000000000000000e+00 0.000000000000000000e+00
1.000000000000000000e+00 2.812143451832947108e+02
1.000000000000000000e+00 2.853047020232221485e+02
1.000000000000000000e+00 2.853047020232221485e+02
1.000000000000000000e+00 2.853047020232221485e+02
1.000000000000000000e+00 2.812143451832947108e+02
1.000000000000000000e+00 2.812143451832947108e+02
1.000000000000000000e+00 2.771826309768720762e+02
1.000000000000000000e+00 2.771826309768720762e+02
1.000000000000000000e+00 2.771826309768720762e+02
1.000000000000000000e+00 2.771826309768720762e+02
1.000000000000000000e+00 2.771826309768720762e+02
1.000000000000000000e+00 2.771826309768720762e+02
1.000000000000000000e+00 2.812143451832947108e+02
1.000000000000000000e+00 2.812143451832947108e+02
1.000000000000000000e+00 2.853047020232221485e+02
1.000000000000000000e+00 2.853047020232221485e+02
1.000000000000000000e+00 2.853047020232221485e+02
1.000000000000000000e+00 2.853047020232221485e+02
1.000000000000000000e+00 2.853047020232221485e+02
1.000000000000000000e+00 2.853047020232221485e+02
1.000000000000000000e+00 2.853047020232221485e+02
1.000000000000000000e+00 2.812143451832947108e+02
1.000000000000000000e+00 2.812143451832947108e+02
1.000000000000000000e+00 2.812143451832947108e+02
1.000000000000000000e+00 2.771826309768720762e+02
1.000000000000000000e+00 2.771826309768720762e+02
1.000000000000000000e+00 2.732087186561664680e+02
1.000000000000000000e+00 2.692917795270241186e+02
1.000000000000000000e+00 2.654309967761147959e+02
1.000000000000000000e+00 2.616255653005986233e+02
1.000000000000000000e+00 2.541775933119000399e+02
1.000000000000000000e+00 2.469416506280620638e+02
0.000000000000000000e+00 0.000000000000000000e+00
0.000000000000000000e+00 0.000000000000000000e+00
0.000000000000000000e+00 0.000000000000000000e+00
0.000000000000000000e+00 0.000000000000000000e+00
0.000000000000000000e+00 0.000000000000000000e+00
0.000000000000000000e+00 0.000000000000000000e+00
0.000000000000000000e+00 0.000000000000000000e+00
0.000000000000000000e+00 0.000000000000000000e+00
0.000000000000000000e+00 0.000000000000000000e+00
0.000000000000000000e+00 0.000000000000000000e+00
0.000000000000000000e+00 0.000000000000000000e+00
0.000000000000000000e+00 0.000000000000000000e+00
0.000000000000000000e+00 0.000000000000000000e+00
0.000000000000000000e+00 0.000000000000000000e+00
0.000000000000000000e+00 0.000000000000000000e+00
0.000000000000000000e+00 0.000000000000000000e+00
0.000000000000000000e+00 0.000000000000000000e+00
0.000000000000000000e+00 0.000000000000000000e+00
0.000000000000000000e+00 0.000000000000000000e+00
0.000000000000000000e+00 0.000000000000000000e+00
0.000000000000000000e+00 0.000000000000000000e+00
0.000000000000000000e+00 0.000000000000000000e+00
0.000000000000000000e+00 0.000000000000000000e+00
0.000000000000000000e+00 0.000000000000000000e+00
0.000000000000000000e+00 0.000000000000000000e+00
0.000000000000000000e+00 0.000000000000000000e+00
0.000000000000000000e+00 0.000000000000000000e+00
0.000000000000000000e+00 0.000000000000000000e+00
0.000000000000000000e+00 0.000000000000000000e+00
0.000000000000000000e+00 0.000000000000000000e+00
0.000000000000000000e+00 0.000000000000000000e+00
0.000000000000000000e+00 0.000000000000000000e+00
0.000000000000000000e+00 0.000000000000000000e+00
0.000000000000000000e+00 0.000000000000000000e+00
0.000000000000000000e+00 0.000000000000000000e+00
0.000000000000000000e+00 0.000000000000000000e+00
0.000000000000000000e+00 0.000000000000000000e+00
0.000000000000000000e+00 0.000000000000000000e+00
0.000000000000000000e+00 0.000000000000000000e+00
0.000000000000000000e+00 0.000000000000000000e+00
0.000000000000000000e+00 0.000000000000000000e+00
0.000000000000000000e+00 0.000000000000000000e+00
0.000000000000000000e+00 0.000000000000000000e+00
0.000000000000000000e+00 0.000000000000000000e+00
0.000000000000000000e+00 0.000000000000000000e+00
0.000000000000000000e+00 0.000000000000000000e+00
0.000000000000000000e+00 0.000000000000000000e+00
0.000000000000000000e+00 0.000000000000000000e+00
0.000000000000000000e+00 0.000000000000000000e+00
0.000000000000000000e+00 0.000000000000000000e+00
0.000000000000000000e+00 0.000000000000000000e+00
0.000000000000000000e+00 0.000000000000000000e+00
0.000000000000000000e+00 0.000000000000000000e+00
0.000000000000000000e+00 0.000000000000000000e+00
0.000000000000000000e+00 0.000000000000000000e+00
0.000000000000000000e+00 0.000000000000000000e+00
0.000000000000000000e+00 0.000000000000000000e+00
0.000000000000000000e+00 0.000000000000000000e+00
0.000000000000000000e+00 0.000000000000000000e+00
0.000000000000000000e+00 0.000000000000000000e+00
0.000000000000000000e+00 0.000000000000000000e+00
0.000000000000000000e+00 0.000000000000000000e+00
0.000000000000000000e+00 0.000000000000000000e+00
0.000000000000000000e+00 0.000000000000000000e+00
0.000000000000000000e+00 0.000000000000000000e+00
0.000000000000000000e+00 0.000000000000000000e+00
0.000000000000000000e+00 0.000000000000000000e+00
0.000000000000000000e+00 0.000000000000000000e+00
0.000000000000000000e+00 0.000000000000000000e+00
0.000000000000000000e+00 0.000000000000000000e+00
0.000000000000000000e+00 0.000000000000000000e+00
0.000000000000000000e+00 0.000000000000000000e+00
0.000000000000000000e+00 0.000000000000000000e+00
0.000000000000000000e+00 0.000000000000000000e+00
0.000000000000000000e+00 0.000000000000000000e+00
0.000000000000000000e+00 0.000000000000000000e+00
0.000000000000000000e+00 0.000000000000000000e+00
0.000000000000000000e+00 0.000000000000000000e+00
1.000000000000000000e+00 2.812143451832947108e+02
1.000000000000000000e+00 2.812143451832947108e+02
1.000000000000000000e+00 2.812143451832947108e+02
1.000000000000000000e+00 2.812143451832947108e+02
1.000000000000000000e+00 2.812143451832947108e+02
0.000000000000000000e+00 0.000000000000000000e+00
0.000000000000000000e+00 0.000000000000000000e+00
0.000000000000000000e+00 0.000000000000000000e+00
0.000000000000000000e+00 0.000000000000000000e+00
1.000000000000000000e+00 3.344221001328052694e+02
1.000000000000000000e+00 3.392863815897469522e+02
1.000000000000000000e+00 3.392863815897469522e+02
1.000000000000000000e+00 3.392863815897469522e+02
1.000000000000000000e+00 3.392863815897469522e+02
1.000000000000000000e+00 3.392863815897469522e+02
1.000000000000000000e+00 3.392863815897469522e+02
1.000000000000000000e+00 3.392863815897469522e+02
1.000000000000000000e+00 3.442214156497103090e+02
1.000000000000000000e+00 3.442214156497103090e+02
0.000000000000000000e+00 0.000000000000000000e+00
0.000000000000000000e+00 0.000000000000000000e+00
0.000000000000000000e+00 0.000000000000000000e+00
0.000000000000000000e+00 0.000000000000000000e+00
0.000000000000000000e+00 0.000000000000000000e+00
0.000000000000000000e+00 0.000000000000000000e+00
1.000000000000000000e+00 3.808360868427029686e+02
1.000000000000000000e+00 3.808360868427029686e+02
1.000000000000000000e+00 3.753761155149908291e+02
0.000000000000000000e+00 0.000000000000000000e+00
0.000000000000000000e+00 0.000000000000000000e+00
1.000000000000000000e+00 2.853047020232221485e+02
1.000000000000000000e+00 2.812143451832947108e+02
0.000000000000000000e+00 0.000000000000000000e+00
1.000000000000000000e+00 2.654309967761147959e+02
1.000000000000000000e+00 2.654309967761147959e+02
1.000000000000000000e+00 2.692917795270241186e+02
1.000000000000000000e+00 2.732087186561664680e+02
1.000000000000000000e+00 2.692917795270241186e+02
1.000000000000000000e+00 2.654309967761147959e+02
1.000000000000000000e+00 2.578746915402352897e+02
1.000000000000000000e+00 2.541775933119000399e+02
1.000000000000000000e+00 2.505334996464721371e+02
1.000000000000000000e+00 2.505334996464721371e+02
1.000000000000000000e+00 2.469416506280620638e+02
1.000000000000000000e+00 2.469416506280620638e+02
0.000000000000000000e+00 0.000000000000000000e+00
0.000000000000000000e+00 0.000000000000000000e+00
0.000000000000000000e+00 0.000000000000000000e+00
0.000000000000000000e+00 0.000000000000000000e+00
1.000000000000000000e+00 2.231999736862552197e+02
1.000000000000000000e+00 2.231999736862552197e+02
1.000000000000000000e+00 2.264464920615682502e+02
1.000000000000000000e+00 2.264464920615682502e+02
1.000000000000000000e+00 2.231999736862552197e+02
1.000000000000000000e+00 2.231999736862552197e+02
0.000000000000000000e+00 0.000000000000000000e+00
0.000000000000000000e+00 0.000000000000000000e+00
0.000000000000000000e+00 0.000000000000000000e+00
1.000000000000000000e+00 2.231999736862552197e+02
1.000000000000000000e+00 2.231999736862552197e+02
1.000000000000000000e+00 2.231999736862552197e+02
0.000000000000000000e+00 0.000000000000000000e+00
0.000000000000000000e+00 0.000000000000000000e+00
0.000000000000000000e+00 0.000000000000000000e+00
0.000000000000000000e+00 0.000000000000000000e+00
0.000000000000000000e+00 0.000000000000000000e+00
0.000000000000000000e+00 0.000000000000000000e+00
0.000000000000000000e+00 0.000000000000000000e+00
0.000000000000000000e+00 0.000000000000000000e+00
0.000000000000000000e+00 0.000000000000000000e+00
0.000000000000000000e+00 0.000000000000000000e+00
0.000000000000000000e+00 0.000000000000000000e+00
1.000000000000000000e+00 2.231999736862552197e+02
1.000000000000000000e+00 2.231999736862552197e+02
1.000000000000000000e+00 2.264464920615682502e+02
1.000000000000000000e+00 2.264464920615682502e+02
1.000000000000000000e+00 2.264464920615682502e+02
1.000000000000000000e+00 2.264464920615682502e+02
1.000000000000000000e+00 2.264464920615682502e+02
1.000000000000000000e+00 2.297402321340310323e+02
0.000000000000000000e+00 0.000000000000000000e+00
1.000000000000000000e+00 2.505334996464721371e+02
1.000000000000000000e+00 2.541775933119000399e+02
1.000000000000000000e+00 2.541775933119000399e+02
1.000000000000000000e+00 2.541775933119000399e+02
1.000000000000000000e+00 2.541775933119000399e+02
1.000000000000000000e+00 2.505334996464721371e+02
1.000000000000000000e+00 2.505334996464721371e+02
1.000000000000000000e+00 2.505334996464721371e+02
1.000000000000000000e+00 2.505334996464721371e+02
1.000000000000000000e+00 2.505334996464721371e+02
1.000000000000000000e+00 2.505334996464721371e+02
1.000000000000000000e+00 2.505334996464721371e+02
0.000000000000000000e+00 0.000000000000000000e+00
0.000000000000000000e+00 0.000000000000000000e+00
0.000000000000000000e+00 0.000000000000000000e+00
1.000000000000000000e+00 2.231999736862552197e+02
1.000000000000000000e+00 2.200000000000000000e+02
1.000000000000000000e+00 2.200000000000000000e+02
1.000000000000000000e+00 2.231999736862552197e+02
1.000000000000000000e+00 2.231999736862552197e+02
1.000000000000000000e+00 2.231999736862552197e+02
1.000000000000000000e+00 2.231999736862552197e+02
1.000000000000000000e+00 2.231999736862552197e+02
1.000000000000000000e+00 2.231999736862552197e+02
1.000000000000000000e+00 2.231999736862552197e+02
1.000000000000000000e+00 2.231999736862552197e+02
1.000000000000000000e+00 2.231999736862552197e+02
1.000000000000000000e+00 2.231999736862552197e+02
1.000000000000000000e+00 2.231999736862552197e+02
1.000000000000000000e+00 2.231999736862552197e+02
1.000000000000000000e+00 2.231999736862552197e+02
1.000000000000000000e+00 2.231999736862552197e+02
1.000000000000000000e+00 2.231999736862552197e+02
1.000000000000000000e+00 2.231999736862552197e+02
1.000000000000000000e+00 2.231999736862552197e+02
1.000000000000000000e+00 2.231999736862552197e+02
0.000000000000000000e+00 0.000000000000000000e+00
0.000000000000000000e+00 0.000000000000000000e+00
0.000000000000000000e+00 0.000000000000000000e+00
0.000000000000000000e+00 0.000000000000000000e+00
1.000000000000000000e+00 2.264464920615682502e+02
1.000000000000000000e+00 2.231999736862552197e+02
1.000000000000000000e+00 2.231999736862552197e+02
1.000000000000000000e+00 2.231999736862552197e+02
0.000000000000000000e+00 0.000000000000000000e+00
0.000000000000000000e+00 0.000000000000000000e+00
1.000000000000000000e+00 2.200000000000000000e+02
1.000000000000000000e+00 2.200000000000000000e+02
1.000000000000000000e+00 2.200000000000000000e+02
1.000000000000000000e+00 2.200000000000000000e+02
1.000000000000000000e+00 2.200000000000000000e+02
1.000000000000000000e+00 2.231999736862552197e+02
1.000000000000000000e+00 2.231999736862552197e+02
1.000000000000000000e+00 2.264464920615682502e+02
1.000000000000000000e+00 2.264464920615682502e+02
1.000000000000000000e+00 2.231999736862552197e+02
1.000000000000000000e+00 2.231999736862552197e+02
1.000000000000000000e+00 2.200000000000000000e+02
1.000000000000000000e+00 2.168459037008412622e+02
0.000000000000000000e+00 0.000000000000000000e+00
0.000000000000000000e+00 0.000000000000000000e+00
0.000000000000000000e+00 0.000000000000000000e+00
0.000000000000000000e+00 0.000000000000000000e+00
1.000000000000000000e+00 2.231999736862552197e+02
1.000000000000000000e+00 2.168459037008412622e+02
1.000000000000000000e+00 2.168459037008412622e+02
1.000000000000000000e+00 2.231999736862552197e+02
1.000000000000000000e+00 2.231999736862552197e+02
1.000000000000000000e+00 2.264464920615682502e+02
1.000000000000000000e+00 2.264464920615682502e+02
1.000000000000000000e+00 2.264464920615682502e+02
1.000000000000000000e+00 2.231999736862552197e+02
0.000000000000000000e+00 0.000000000000000000e+00
0.000000000000000000e+00 0.000000000000000000e+00
1.000000000000000000e+00 1.931877376410629381e+02
1.000000000000000000e+00 1.904180434213514843e+02
1.000000000000000000e+00 1.904180434213514843e+02
1.000000000000000000e+00 1.904180434213514843e+02
1.000000000000000000e+00 1.904180434213514843e+02
1.000000000000000000e+00 1.876880577574954145e+02
1.000000000000000000e+00 1.849972113558171998e+02
1.000000000000000000e+00 1.823449430844896142e+02
1.000000000000000000e+00 1.823449430844896142e+02
0.000000000000000000e+00 0.000000000000000000e+00
0.000000000000000000e+00 0.000000000000000000e+00
0.000000000000000000e+00 0.000000000000000000e+00
1.000000000000000000e+00 1.959977179908746336e+02
1.000000000000000000e+00 1.931877376410629381e+02
1.000000000000000000e+00 1.931877376410629381e+02
1.000000000000000000e+00 1.931877376410629381e+02
1.000000000000000000e+00 1.876880577574954145e+02
1.000000000000000000e+00 1.849972113558171998e+02
1.000000000000000000e+00 1.771539365144179783e+02
1.000000000000000000e+00 1.721107078248551261e+02
1.000000000000000000e+00 1.672110500664026347e+02
1.000000000000000000e+00 1.624508760533449276e+02
1.000000000000000000e+00 1.578262149542100303e+02
1.000000000000000000e+00 1.511349012203897928e+02
1.000000000000000000e+00 1.489681101630581850e+02
1.000000000000000000e+00 1.406071725916473554e+02
1.000000000000000000e+00 1.366043593280832340e+02
1.000000000000000000e+00 1.346458897635120877e+02
1.000000000000000000e+00 1.327154983880573980e+02
1.000000000000000000e+00 1.327154983880573980e+02
1.000000000000000000e+00 1.327154983880573980e+02
1.000000000000000000e+00 1.327154983880573980e+02
0.000000000000000000e+00 0.000000000000000000e+00
0.000000000000000000e+00 0.000000000000000000e+00
0.000000000000000000e+00 0.000000000000000000e+00
0.000000000000000000e+00 0.000000000000000000e+00
1.000000000000000000e+00 1.406071725916473554e+02
1.000000000000000000e+00 1.406071725916473554e+02
1.000000000000000000e+00 1.385913154884360381e+02
0.000000000000000000e+00 0.000000000000000000e+00
0.000000000000000000e+00 0.000000000000000000e+00
1.000000000000000000e+00 1.217006486177716482e+02
1.000000000000000000e+00 1.217006486177716482e+02
1.000000000000000000e+00 1.217006486177716482e+02
1.000000000000000000e+00 1.234708253140310319e+02
1.000000000000000000e+00 1.234708253140310319e+02
1.000000000000000000e+00 3.808360868427029686e+02
1.000000000000000000e+00 3.808360868427029686e+02
1.000000000000000000e+00 3.863754752821258762e+02
1.000000000000000000e+00 3.919954359817492673e+02
1.000000000000000000e+00 3.919954359817492673e+02
1.000000000000000000e+00 3.863754752821258762e+02
1.000000000000000000e+00 3.808360868427029686e+02
1.000000000000000000e+00 3.808360868427029686e+02
1.000000000000000000e+00 3.808360868427029686e+02
1.000000000000000000e+00 3.808360868427029686e+02
1.000000000000000000e+00 3.808360868427029686e+02
0.000000000000000000e+00 0.000000000000000000e+00
0.000000000000000000e+00 0.000000000000000000e+00
0.000000000000000000e+00 0.000000000000000000e+00
0.000000000000000000e+00 0.000000000000000000e+00
0.000000000000000000e+00 0.000000000000000000e+00
0.000000000000000000e+00 0.000000000000000000e+00
0.000000000000000000e+00 0.000000000000000000e+00
0.000000000000000000e+00 0.000000000000000000e+00
0.000000000000000000e+00 0.000000000000000000e+00
0.000000000000000000e+00 0.000000000000000000e+00
0.000000000000000000e+00 0.000000000000000000e+00
0.000000000000000000e+00 0.000000000000000000e+00
0.000000000000000000e+00 0.000000000000000000e+00
0.000000000000000000e+00 0.000000000000000000e+00
0.000000000000000000e+00 0.000000000000000000e+00
0.000000000000000000e+00 0.000000000000000000e+00
1.000000000000000000e+00 4.463999473725104394e+02
1.000000000000000000e+00 4.463999473725104394e+02
1.000000000000000000e+00 4.463999473725104394e+02
1.000000000000000000e+00 4.463999473725104394e+02
1.000000000000000000e+00 4.463999473725104394e+02
0.000000000000000000e+00 0.000000000000000000e+00
0.000000000000000000e+00 0.000000000000000000e+00
0.000000000000000000e+00 0.000000000000000000e+00
0.000000000000000000e+00 0.000000000000000000e+00
0.000000000000000000e+00 0.000000000000000000e+00
0.000000000000000000e+00 0.000000000000000000e+00
0.000000000000000000e+00 0.000000000000000000e+00
0.000000000000000000e+00 0.000000000000000000e+00
0.000000000000000000e+00 0.000000000000000000e+00
0.000000000000000000e+00 0.000000000000000000e+00
0.000000000000000000e+00 0.000000000000000000e+00
0.000000000000000000e+00 0.000000000000000000e+00
0.000000000000000000e+00 0.000000000000000000e+00
0.000000000000000000e+00 0.000000000000000000e+00
0.000000000000000000e+00 0.000000000000000000e+00
0.000000000000000000e+00 0.000000000000000000e+00
0.000000000000000000e+00 0.000000000000000000e+00
1.000000000000000000e+00 5.010669992929442742e+02
1.000000000000000000e+00 5.083551866238000798e+02
1.000000000000000000e+00 5.157493830804706931e+02
1.000000000000000000e+00 5.083551866238000798e+02
1.000000000000000000e+00 5.010669992929442742e+02
1.000000000000000000e+00 5.010669992929442742e+02
1.000000000000000000e+00 4.938833012561241276e+02
1.000000000000000000e+00 4.938833012561241276e+02
1.000000000000000000e+00 4.938833012561241276e+02
1.000000000000000000e+00 4.938833012561241276e+02
0.000000000000000000e+00 0.000000000000000000e+00
0.000000000000000000e+00 0.000000000000000000e+00
0.000000000000000000e+00 0.000000000000000000e+00
0.000000000000000000e+00 0.000000000000000000e+00
0.000000000000000000e+00 0.000000000000000000e+00
0.000000000000000000e+00 0.000000000000000000e+00
0.000000000000000000e+00 0.000000000000000000e+00
0.000000000000000000e+00 0.000000000000000000e+00
0.000000000000000000e+00 0.000000000000000000e+00
0.000000000000000000e+00 0.000000000000000000e+00
0.000000000000000000e+00 0.000000000000000000e+00
0.000000000000000000e+00 0.000000000000000000e+00
0.000000000000000000e+00 0.000000000000000000e+00
1.000000000000000000e+00 4.729442695651064241e+02
0.000000000000000000e+00 0.000000000000000000e+00
0.000000000000000000e+00 0.000000000000000000e+00
0.000000000000000000e+00 0.000000000000000000e+00
0.000000000000000000e+00 0.000000000000000000e+00
0.000000000000000000e+00 0.000000000000000000e+00
0.000000000000000000e+00 0.000000000000000000e+00
0.000000000000000000e+00 0.000000000000000000e+00
0.000000000000000000e+00 0.000000000000000000e+00
0.000000000000000000e+00 0.000000000000000000e+00
0.000000000000000000e+00 0.000000000000000000e+00
0.000000000000000000e+00 0.000000000000000000e+00
0.000000000000000000e+00 0.000000000000000000e+00
0.000000000000000000e+00 0.000000000000000000e+00
1.000000000000000000e+00 5.157493830804706931e+02
1.000000000000000000e+00 5.157493830804706931e+02
0.000000000000000000e+00 0.000000000000000000e+00
0.000000000000000000e+00 0.000000000000000000e+00
0.000000000000000000e+00 0.000000000000000000e+00
0.000000000000000000e+00 0.000000000000000000e+00
1.000000000000000000e+00 5.543652619537441524e+02
1.000000000000000000e+00 5.543652619537441524e+02
1.000000000000000000e+00 5.543652619537441524e+02
1.000000000000000000e+00 5.543652619537441524e+02
1.000000000000000000e+00 5.543652619537441524e+02
1.000000000000000000e+00 5.543652619537441524e+02
1.000000000000000000e+00 5.543652619537441524e+02
1.000000000000000000e+00 5.543652619537441524e+02
1.000000000000000000e+00 5.543652619537441524e+02
1.000000000000000000e+00 5.543652619537441524e+02
1.000000000000000000e+00 5.543652619537441524e+02
1.000000000000000000e+00 5.543652619537441524e+02
1.000000000000000000e+00 5.543652619537441524e+02
1.000000000000000000e+00 5.543652619537441524e+02
1.000000000000000000e+00 5.543652619537441524e+02
1.000000000000000000e+00 5.543652619537441524e+02
1.000000000000000000e+00 5.543652619537441524e+02
1.000000000000000000e+00 5.543652619537441524e+02
0.000000000000000000e+00 0.000000000000000000e+00
0.000000000000000000e+00 0.000000000000000000e+00
0.000000000000000000e+00 0.000000000000000000e+00
1.000000000000000000e+00 5.789091089468005293e+02
1.000000000000000000e+00 5.789091089468005293e+02
1.000000000000000000e+00 5.873295358348151467e+02
1.000000000000000000e+00 5.873295358348151467e+02
1.000000000000000000e+00 5.873295358348151467e+02
1.000000000000000000e+00 5.789091089468005293e+02
1.000000000000000000e+00 5.789091089468005293e+02
1.000000000000000000e+00 5.706094040464442969e+02
1.000000000000000000e+00 5.624286903665894215e+02
0.000000000000000000e+00 0.000000000000000000e+00
0.000000000000000000e+00 0.000000000000000000e+00
1.000000000000000000e+00 5.010669992929442742e+02
1.000000000000000000e+00 5.083551866238000798e+02
1.000000000000000000e+00 5.157493830804706931e+02
1.000000000000000000e+00 5.157493830804706931e+02
0.000000000000000000e+00 0.000000000000000000e+00
1.000000000000000000e+00 5.464174373123329360e+02
1.000000000000000000e+00 5.543652619537441524e+02
1.000000000000000000e+00 5.543652619537441524e+02
1.000000000000000000e+00 5.543652619537441524e+02
1.000000000000000000e+00 5.543652619537441524e+02
1.000000000000000000e+00 5.543652619537441524e+02
1.000000000000000000e+00 5.543652619537441524e+02
1.000000000000000000e+00 5.543652619537441524e+02
1.000000000000000000e+00 5.543652619537441524e+02
1.000000000000000000e+00 5.543652619537441524e+02
1.000000000000000000e+00 5.543652619537441524e+02
1.000000000000000000e+00 5.543652619537441524e+02
1.000000000000000000e+00 5.385835590540483508e+02
1.000000000000000000e+00 5.308619935522295918e+02
1.000000000000000000e+00 5.157493830804706931e+02
1.000000000000000000e+00 5.157493830804706931e+02
0.000000000000000000e+00 0.000000000000000000e+00
0.000000000000000000e+00 0.000000000000000000e+00
0.000000000000000000e+00 0.000000000000000000e+00
0.000000000000000000e+00 0.000000000000000000e+00
0.000000000000000000e+00 0.000000000000000000e+00
0.000000000000000000e+00 0.000000000000000000e+00
0.000000000000000000e+00 0.000000000000000000e+00
0.000000000000000000e+00 0.000000000000000000e+00
0.000000000000000000e+00 0.000000000000000000e+00
0.000000000000000000e+00 0.000000000000000000e+00
0.000000000000000000e+00 0.000000000000000000e+00
0.000000000000000000e+00 0.000000000000000000e+00
0.000000000000000000e+00 0.000000000000000000e+00
0.000000000000000000e+00 0.000000000000000000e+00
0.000000000000000000e+00 0.000000000000000000e+00
0.000000000000000000e+00 0.000000000000000000e+00
0.000000000000000000e+00 0.000000000000000000e+00
0.000000000000000000e+00 0.000000000000000000e+00
0.000000000000000000e+00 0.000000000000000000e+00
0.000000000000000000e+00 0.000000000000000000e+00
0.000000000000000000e+00 0.000000000000000000e+00
0.000000000000000000e+00 0.000000000000000000e+00
0.000000000000000000e+00 0.000000000000000000e+00
0.000000000000000000e+00 0.000000000000000000e+00
0.000000000000000000e+00 0.000000000000000000e+00
0.000000000000000000e+00 0.000000000000000000e+00
0.000000000000000000e+00 0.000000000000000000e+00
0.000000000000000000e+00 0.000000000000000000e+00
0.000000000000000000e+00 0.000000000000000000e+00
0.000000000000000000e+00 0.000000000000000000e+00
0.000000000000000000e+00 0.000000000000000000e+00
0.000000000000000000e+00 0.000000000000000000e+00
0.000000000000000000e+00 0.000000000000000000e+00
0.000000000000000000e+00 0.000000000000000000e+00
0.000000000000000000e+00 0.000000000000000000e+00
1.000000000000000000e+00 5.706094040464442969e+02
1.000000000000000000e+00 5.706094040464442969e+02
1.000000000000000000e+00 5.543652619537441524e+02
1.000000000000000000e+00 5.543652619537441524e+02
1.000000000000000000e+00 5.543652619537441524e+02
1.000000000000000000e+00 5.543652619537441524e+02
1.000000000000000000e+00 5.543652619537441524e+02
1.000000000000000000e+00 5.543652619537441524e+02
1.000000000000000000e+00 5.543652619537441524e+02
1.000000000000000000e+00 5.543652619537441524e+02
1.000000000000000000e+00 5.543652619537441524e+02
1.000000000000000000e+00 5.543652619537441524e+02
1.000000000000000000e+00 5.624286903665894215e+02
1.000000000000000000e+00 5.789091089468005293e+02
1.000000000000000000e+00 6.133328359175596916e+02
1.000000000000000000e+00 6.133328359175596916e+02
1.000000000000000000e+00 6.045396048815591712e+02
1.000000000000000000e+00 5.958724406522327399e+02
1.000000000000000000e+00 5.958724406522327399e+02
1.000000000000000000e+00 5.873295358348151467e+02
1.000000000000000000e+00 5.789091089468005293e+02
1.000000000000000000e+00 5.706094040464442969e+02
1.000000000000000000e+00 5.543652619537441524e+02
1.000000000000000000e+00 5.464174373123329360e+02
0.000000000000000000e+00 0.000000000000000000e+00
0.000000000000000000e+00 0.000000000000000000e+00
0.000000000000000000e+00 0.000000000000000000e+00
0.000000000000000000e+00 0.000000000000000000e+00
0.000000000000000000e+00 0.000000000000000000e+00
0.000000000000000000e+00 0.000000000000000000e+00
1.000000000000000000e+00 5.464174373123329360e+02
1.000000000000000000e+00 5.464174373123329360e+02
1.000000000000000000e+00 5.464174373123329360e+02
1.000000000000000000e+00 5.464174373123329360e+02
1.000000000000000000e+00 5.464174373123329360e+02
1.000000000000000000e+00 5.385835590540483508e+02
1.000000000000000000e+00 5.308619935522295918e+02
1.000000000000000000e+00 5.232511306011972465e+02
1.000000000000000000e+00 5.157493830804706931e+02
1.000000000000000000e+00 5.010669992929442742e+02
1.000000000000000000e+00 5.010669992929442742e+02
1.000000000000000000e+00 5.010669992929442742e+02
1.000000000000000000e+00 5.010669992929442742e+02
1.000000000000000000e+00 5.010669992929442742e+02
1.000000000000000000e+00 4.938833012561241276e+02
1.000000000000000000e+00 4.868025944710867066e+02
1.000000000000000000e+00 4.868025944710867066e+02
1.000000000000000000e+00 4.463999473725104394e+02
1.000000000000000000e+00 4.400000000000000000e+02
1.000000000000000000e+00 4.336918074016825244e+02
1.000000000000000000e+00 4.336918074016825244e+02
1.000000000000000000e+00 4.336918074016825244e+02
1.000000000000000000e+00 4.463999473725104394e+02
1.000000000000000000e+00 4.463999473725104394e+02
1.000000000000000000e+00 4.463999473725104394e+02
1.000000000000000000e+00 4.400000000000000000e+02
1.000000000000000000e+00 4.336918074016825244e+02
1.000000000000000000e+00 4.336918074016825244e+02
1.000000000000000000e+00 4.336918074016825244e+02
1.000000000000000000e+00 4.463999473725104394e+02
1.000000000000000000e+00 4.528929841231365003e+02
1.000000000000000000e+00 4.528929841231365003e+02
1.000000000000000000e+00 4.463999473725104394e+02
1.000000000000000000e+00 4.336918074016825244e+02
1.000000000000000000e+00 4.336918074016825244e+02
1.000000000000000000e+00 4.336918074016825244e+02
1.000000000000000000e+00 4.336918074016825244e+02
1.000000000000000000e+00 4.463999473725104394e+02
1.000000000000000000e+00 4.463999473725104394e+02
1.000000000000000000e+00 4.463999473725104394e+02
1.000000000000000000e+00 4.463999473725104394e+02
1.000000000000000000e+00 4.463999473725104394e+02
1.000000000000000000e+00 4.463999473725104394e+02
0.000000000000000000e+00 0.000000000000000000e+00
0.000000000000000000e+00 0.000000000000000000e+00
0.000000000000000000e+00 0.000000000000000000e+00
0.000000000000000000e+00 0.000000000000000000e+00
0.000000000000000000e+00 0.000000000000000000e+00
0.000000000000000000e+00 0.000000000000000000e+00
0.000000000000000000e+00 0.000000000000000000e+00
0.000000000000000000e+00 0.000000000000000000e+00
0.000000000000000000e+00 0.000000000000000000e+00
0.000000000000000000e+00 0.000000000000000000e+00
0.000000000000000000e+00 0.000000000000000000e+00
0.000000000000000000e+00 0.000000000000000000e+00
0.000000000000000000e+00 0.000000000000000000e+00
0.000000000000000000e+00 0.000000000000000000e+00
0.000000000000000000e+00 0.000000000000000000e+00
0.000000000000000000e+00 0.000000000000000000e+00
0.000000000000000000e+00 0.000000000000000000e+00
0.000000000000000000e+00 0.000000000000000000e+00
0.000000000000000000e+00 0.000000000000000000e+00
0.000000000000000000e+00 0.000000000000000000e+00
0.000000000000000000e+00 0.000000000000000000e+00
0.000000000000000000e+00 0.000000000000000000e+00
0.000000000000000000e+00 0.000000000000000000e+00
0.000000000000000000e+00 0.000000000000000000e+00
0.000000000000000000e+00 0.000000000000000000e+00
0.000000000000000000e+00 0.000000000000000000e+00
0.000000000000000000e+00 0.000000000000000000e+00
0.000000000000000000e+00 0.000000000000000000e+00
0.000000000000000000e+00 0.000000000000000000e+00
1.000000000000000000e+00 5.157493830804706931e+02
1.000000000000000000e+00 5.157493830804706931e+02
0.000000000000000000e+00 0.000000000000000000e+00
1.000000000000000000e+00 5.464174373123329360e+02
1.000000000000000000e+00 5.543652619537441524e+02
1.000000000000000000e+00 5.543652619537441524e+02
1.000000000000000000e+00 5.543652619537441524e+02
1.000000000000000000e+00 5.543652619537441524e+02
1.000000000000000000e+00 5.543652619537441524e+02
1.000000000000000000e+00 5.543652619537441524e+02
1.000000000000000000e+00 5.543652619537441524e+02
1.000000000000000000e+00 5.543652619537441524e+02
1.000000000000000000e+00 5.543652619537441524e+02
1.000000000000000000e+00 5.543652619537441524e+02
1.000000000000000000e+00 5.543652619537441524e+02
1.000000000000000000e+00 5.543652619537441524e+02
1.000000000000000000e+00 5.543652619537441524e+02
1.000000000000000000e+00 5.543652619537441524e+02
1.000000000000000000e+00 5.543652619537441524e+02
0.000000000000000000e+00 0.000000000000000000e+00
0.000000000000000000e+00 0.000000000000000000e+00
0.000000000000000000e+00 0.000000000000000000e+00
1.000000000000000000e+00 5.789091089468005293e+02
1.000000000000000000e+00 5.873295358348151467e+02
1.000000000000000000e+00 5.958724406522327399e+02
1.000000000000000000e+00 5.873295358348151467e+02
1.000000000000000000e+00 5.873295358348151467e+02
1.000000000000000000e+00 5.873295358348151467e+02
1.000000000000000000e+00 5.873295358348151467e+02
1.000000000000000000e+00 5.873295358348151467e+02
1.000000000000000000e+00 5.789091089468005293e+02
0.000000000000000000e+00 0.000000000000000000e+00
0.000000000000000000e+00 0.000000000000000000e+00
0.000000000000000000e+00 0.000000000000000000e+00
0.000000000000000000e+00 0.000000000000000000e+00
0.000000000000000000e+00 0.000000000000000000e+00
0.000000000000000000e+00 0.000000000000000000e+00
0.000000000000000000e+00 0.000000000000000000e+00
1.000000000000000000e+00 5.464174373123329360e+02
1.000000000000000000e+00 5.543652619537441524e+02
1.000000000000000000e+00 5.543652619537441524e+02
1.000000000000000000e+00 5.543652619537441524e+02
1.000000000000000000e+00 5.543652619537441524e+02
1.000000000000000000e+00 5.543652619537441524e+02
1.000000000000000000e+00 5.543652619537441524e+02
1.000000000000000000e+00 5.543652619537441524e+02
1.000000000000000000e+00 5.543652619537441524e+02
1.000000000000000000e+00 5.543652619537441524e+02
1.000000000000000000e+00 5.543652619537441524e+02
1.000000000000000000e+00 5.543652619537441524e+02
1.000000000000000000e+00 5.543652619537441524e+02
1.000000000000000000e+00 5.464174373123329360e+02
1.000000000000000000e+00 5.308619935522295918e+02
0.000000000000000000e+00 0.000000000000000000e+00
0.000000000000000000e+00 0.000000000000000000e+00
0.000000000000000000e+00 0.000000000000000000e+00
1.000000000000000000e+00 1.624508760533449276e+02
1.000000000000000000e+00 1.648137784564349602e+02
1.000000000000000000e+00 1.648137784564349602e+02
1.000000000000000000e+00 1.672110500664026347e+02
1.000000000000000000e+00 1.672110500664026347e+02
1.000000000000000000e+00 1.672110500664026347e+02
1.000000000000000000e+00 1.696431907948734761e+02
1.000000000000000000e+00 1.721107078248551261e+02
0.000000000000000000e+00 0.000000000000000000e+00
0.000000000000000000e+00 0.000000000000000000e+00
0.000000000000000000e+00 0.000000000000000000e+00
0.000000000000000000e+00 0.000000000000000000e+00
0.000000000000000000e+00 0.000000000000000000e+00
0.000000000000000000e+00 0.000000000000000000e+00
0.000000000000000000e+00 0.000000000000000000e+00
0.000000000000000000e+00 0.000000000000000000e+00
0.000000000000000000e+00 0.000000000000000000e+00
0.000000000000000000e+00 0.000000000000000000e+00
0.000000000000000000e+00 0.000000000000000000e+00
0.000000000000000000e+00 0.000000000000000000e+00
0.000000000000000000e+00 0.000000000000000000e+00
0.000000000000000000e+00 0.000000000000000000e+00
0.000000000000000000e+00 0.000000000000000000e+00
0.000000000000000000e+00 0.000000000000000000e+00
0.000000000000000000e+00 0.000000000000000000e+00
0.000000000000000000e+00 0.000000000000000000e+00
0.000000000000000000e+00 0.000000000000000000e+00
0.000000000000000000e+00 0.000000000000000000e+00
0.000000000000000000e+00 0.000000000000000000e+00
0.000000000000000000e+00 0.000000000000000000e+00
0.000000000000000000e+00 0.000000000000000000e+00
0.000000000000000000e+00 0.000000000000000000e+00
0.000000000000000000e+00 0.000000000000000000e+00
0.000000000000000000e+00 0.000000000000000000e+00
0.000000000000000000e+00 0.000000000000000000e+00
1.000000000000000000e+00 5.706094040464442969e+02
1.000000000000000000e+00 5.706094040464442969e+02
1.000000000000000000e+00 5.543652619537441524e+02
1.000000000000000000e+00 5.543652619537441524e+02
1.000000000000000000e+00 5.543652619537441524e+02
1.000000000000000000e+00 5.543652619537441524e+02
1.000000000000000000e+00 5.543652619537441524e+02
1.000000000000000000e+00 5.543652619537441524e+02
1.000000000000000000e+00 5.543652619537441524e+02
1.000000000000000000e+00 5.543652619537441524e+02
1.000000000000000000e+00 5.543652619537441524e+02
1.000000000000000000e+00 5.624286903665894215e+02
1.000000000000000000e+00 5.706094040464442969e+02
1.000000000000000000e+00 5.706094040464442969e+02
1.000000000000000000e+00 5.789091089468005293e+02
1.000000000000000000e+00 5.958724406522327399e+02
1.000000000000000000e+00 5.873295358348151467e+02
1.000000000000000000e+00 5.789091089468005293e+02
1.000000000000000000e+00 5.789091089468005293e+02
1.000000000000000000e+00 5.789091089468005293e+02
1.000000000000000000e+00 5.789091089468005293e+02
1.000000000000000000e+00 5.706094040464442969e+02
0.000000000000000000e+00 0.000000000000000000e+00
0.000000000000000000e+00 0.000000000000000000e+00
0.000000000000000000e+00 0.000000000000000000e+00
0.000000000000000000e+00 0.000000000000000000e+00
0.000000000000000000e+00 0.000000000000000000e+00
0.000000000000000000e+00 0.000000000000000000e+00
1.000000000000000000e+00 5.464174373123329360e+02
1.000000000000000000e+00 5.543652619537441524e+02
1.000000000000000000e+00 5.543652619537441524e+02
1.000000000000000000e+00 5.543652619537441524e+02
1.000000000000000000e+00 5.543652619537441524e+02
1.000000000000000000e+00 5.543652619537441524e+02
1.000000000000000000e+00 5.543652619537441524e+02
0.000000000000000000e+00 0.000000000000000000e+00
0.000000000000000000e+00 0.000000000000000000e+00
0.000000000000000000e+00 0.000000000000000000e+00
1.000000000000000000e+00 5.010669992929442742e+02
1.000000000000000000e+00 5.010669992929442742e+02
1.000000000000000000e+00 5.010669992929442742e+02
0.000000000000000000e+00 0.000000000000000000e+00
0.000000000000000000e+00 0.000000000000000000e+00
0.000000000000000000e+00 0.000000000000000000e+00
0.000000000000000000e+00 0.000000000000000000e+00
0.000000000000000000e+00 0.000000000000000000e+00
0.000000000000000000e+00 0.000000000000000000e+00
0.000000000000000000e+00 0.000000000000000000e+00
0.000000000000000000e+00 0.000000000000000000e+00
0.000000000000000000e+00 0.000000000000000000e+00
0.000000000000000000e+00 0.000000000000000000e+00
1.000000000000000000e+00 4.528929841231365003e+02
1.000000000000000000e+00 4.463999473725104394e+02
1.000000000000000000e+00 4.463999473725104394e+02
1.000000000000000000e+00 4.463999473725104394e+02
1.000000000000000000e+00 4.336918074016825244e+02
1.000000000000000000e+00 4.336918074016825244e+02
1.000000000000000000e+00 4.400000000000000000e+02
1.000000000000000000e+00 4.463999473725104394e+02
1.000000000000000000e+00 4.594804642680620645e+02
1.000000000000000000e+00 4.594804642680620645e+02
1.000000000000000000e+00 4.594804642680620645e+02
1.000000000000000000e+00 4.528929841231365003e+02
1.000000000000000000e+00 4.400000000000000000e+02
1.000000000000000000e+00 4.336918074016825244e+02
1.000000000000000000e+00 4.336918074016825244e+02
1.000000000000000000e+00 4.400000000000000000e+02
1.000000000000000000e+00 4.463999473725104394e+02
1.000000000000000000e+00 4.463999473725104394e+02
1.000000000000000000e+00 4.463999473725104394e+02
1.000000000000000000e+00 4.463999473725104394e+02
1.000000000000000000e+00 4.463999473725104394e+02
0.000000000000000000e+00 0.000000000000000000e+00
0.000000000000000000e+00 0.000000000000000000e+00
0.000000000000000000e+00 0.000000000000000000e+00
0.000000000000000000e+00 0.000000000000000000e+00
0.000000000000000000e+00 0.000000000000000000e+00
0.000000000000000000e+00 0.000000000000000000e+00
0.000000000000000000e+00 0.000000000000000000e+00
1.000000000000000000e+00 5.010669992929442742e+02
1.000000000000000000e+00 5.010669992929442742e+02
0.000000000000000000e+00 0.000000000000000000e+00
0.000000000000000000e+00 0.000000000000000000e+00
0.000000000000000000e+00 0.000000000000000000e+00
0.000000000000000000e+00 0.000000000000000000e+00
0.000000000000000000e+00 0.000000000000000000e+00
0.000000000000000000e+00 0.000000000000000000e+00
0.000000000000000000e+00 0.000000000000000000e+00
0.000000000000000000e+00 0.000000000000000000e+00
0.000000000000000000e+00 0.000000000000000000e+00
0.000000000000000000e+00 0.000000000000000000e+00
0.000000000000000000e+00 0.000000000000000000e+00
0.000000000000000000e+00 0.000000000000000000e+00
0.000000000000000000e+00 0.000000000000000000e+00
0.000000000000000000e+00 0.000000000000000000e+00
0.000000000000000000e+00 0.000000000000000000e+00
0.000000000000000000e+00 0.000000000000000000e+00
0.000000000000000000e+00 0.000000000000000000e+00
1.000000000000000000e+00 5.010669992929442742e+02
1.000000000000000000e+00 5.157493830804706931e+02
1.000000000000000000e+00 5.157493830804706931e+02
1.000000000000000000e+00 5.157493830804706931e+02
1.000000000000000000e+00 5.157493830804706931e+02
1.000000000000000000e+00 5.157493830804706931e+02
1.000000000000000000e+00 5.232511306011972465e+02
1.000000000000000000e+00 5.308619935522295918e+02
1.000000000000000000e+00 5.543652619537441524e+02
1.000000000000000000e+00 5.543652619537441524e+02
1.000000000000000000e+00 5.543652619537441524e+02
1.000000000000000000e+00 5.543652619537441524e+02
1.000000000000000000e+00 5.543652619537441524e+02
1.000000000000000000e+00 5.543652619537441524e+02
1.000000000000000000e+00 5.543652619537441524e+02
1.000000000000000000e+00 5.543652619537441524e+02
1.000000000000000000e+00 5.543652619537441524e+02
1.000000000000000000e+00 5.624286903665894215e+02
1.000000000000000000e+00 5.624286903665894215e+02
1.000000000000000000e+00 5.624286903665894215e+02
1.000000000000000000e+00 5.624286903665894215e+02
1.000000000000000000e+00 5.624286903665894215e+02
0.000000000000000000e+00 0.000000000000000000e+00
0.000000000000000000e+00 0.000000000000000000e+00
0.000000000000000000e+00 0.000000000000000000e+00
0.000000000000000000e+00 0.000000000000000000e+00
1.000000000000000000e+00 5.958724406522327399e+02
1.000000000000000000e+00 5.958724406522327399e+02
1.000000000000000000e+00 5.958724406522327399e+02
1.000000000000000000e+00 5.873295358348151467e+02
1.000000000000000000e+00 5.789091089468005293e+02
1.000000000000000000e+00 5.789091089468005293e+02
1.000000000000000000e+00 5.789091089468005293e+02
1.000000000000000000e+00 5.789091089468005293e+02
1.000000000000000000e+00 5.789091089468005293e+02
1.000000000000000000e+00 5.706094040464442969e+02
0.000000000000000000e+00 0.000000000000000000e+00
0.000000000000000000e+00 0.000000000000000000e+00
0.000000000000000000e+00 0.000000000000000000e+00
0.000000000000000000e+00 0.000000000000000000e+00
1.000000000000000000e+00 5.157493830804706931e+02
0.000000000000000000e+00 0.000000000000000000e+00
1.000000000000000000e+00 5.308619935522295918e+02
1.000000000000000000e+00 5.385835590540483508e+02
1.000000000000000000e+00 5.543652619537441524e+02
1.000000000000000000e+00 5.543652619537441524e+02
1.000000000000000000e+00 5.543652619537441524e+02
1.000000000000000000e+00 5.543652619537441524e+02
1.000000000000000000e+00 5.543652619537441524e+02
1.000000000000000000e+00 5.543652619537441524e+02
1.000000000000000000e+00 5.543652619537441524e+02
1.000000000000000000e+00 5.543652619537441524e+02
1.000000000000000000e+00 5.543652619537441524e+02
1.000000000000000000e+00 5.543652619537441524e+02
1.000000000000000000e+00 5.543652619537441524e+02
1.000000000000000000e+00 5.385835590540483508e+02
1.000000000000000000e+00 5.308619935522295918e+02
1.000000000000000000e+00 5.308619935522295918e+02
0.000000000000000000e+00 0.000000000000000000e+00
0.000000000000000000e+00 0.000000000000000000e+00
0.000000000000000000e+00 0.000000000000000000e+00
0.000000000000000000e+00 0.000000000000000000e+00
0.000000000000000000e+00 0.000000000000000000e+00
1.000000000000000000e+00 1.648137784564349602e+02
1.000000000000000000e+00 1.672110500664026347e+02
1.000000000000000000e+00 1.672110500664026347e+02
1.000000000000000000e+00 1.672110500664026347e+02
1.000000000000000000e+00 1.696431907948734761e+02
0.000000000000000000e+00 0.000000000000000000e+00
0.000000000000000000e+00 0.000000000000000000e+00
0.000000000000000000e+00 0.000000000000000000e+00
0.000000000000000000e+00 0.000000000000000000e+00
0.000000000000000000e+00 0.000000000000000000e+00
0.000000000000000000e+00 0.000000000000000000e+00
0.000000000000000000e+00 0.000000000000000000e+00
0.000000000000000000e+00 0.000000000000000000e+00
0.000000000000000000e+00 0.000000000000000000e+00
0.000000000000000000e+00 0.000000000000000000e+00
0.000000000000000000e+00 0.000000000000000000e+00
0.000000000000000000e+00 0.000000000000000000e+00
0.000000000000000000e+00 0.000000000000000000e+00
0.000000000000000000e+00 0.000000000000000000e+00
0.000000000000000000e+00 0.000000000000000000e+00
0.000000000000000000e+00 0.000000000000000000e+00
0.000000000000000000e+00 0.000000000000000000e+00
1.000000000000000000e+00 6.635774919402871319e+01
1.000000000000000000e+00 6.635774919402871319e+01
1.000000000000000000e+00 6.635774919402871319e+01
0.000000000000000000e+00 0.000000000000000000e+00
0.000000000000000000e+00 0.000000000000000000e+00
0.000000000000000000e+00 0.000000000000000000e+00
0.000000000000000000e+00 0.000000000000000000e+00
0.000000000000000000e+00 0.000000000000000000e+00
0.000000000000000000e+00 0.000000000000000000e+00
0.000000000000000000e+00 0.000000000000000000e+00
1.000000000000000000e+00 5.385835590540483508e+02
1.000000000000000000e+00 5.385835590540483508e+02
0.000000000000000000e+00 0.000000000000000000e+00
1.000000000000000000e+00 5.543652619537441524e+02
1.000000000000000000e+00 5.543652619537441524e+02
1.000000000000000000e+00 5.543652619537441524e+02
1.000000000000000000e+00 5.543652619537441524e+02
1.000000000000000000e+00 5.543652619537441524e+02
1.000000000000000000e+00 5.464174373123329360e+02
1.000000000000000000e+00 5.464174373123329360e+02
1.000000000000000000e+00 5.543652619537441524e+02
0.000000000000000000e+00 0.000000000000000000e+00
1.000000000000000000e+00 5.958724406522327399e+02
1.000000000000000000e+00 5.958724406522327399e+02
1.000000000000000000e+00 5.958724406522327399e+02
1.000000000000000000e+00 5.873295358348151467e+02
1.000000000000000000e+00 5.789091089468005293e+02
1.000000000000000000e+00 5.789091089468005293e+02
1.000000000000000000e+00 5.873295358348151467e+02
1.000000000000000000e+00 5.789091089468005293e+02
1.000000000000000000e+00 5.789091089468005293e+02
1.000000000000000000e+00 5.706094040464442969e+02
0.000000000000000000e+00 0.000000000000000000e+00
0.000000000000000000e+00 0.000000000000000000e+00
0.000000000000000000e+00 0.000000000000000000e+00
1.000000000000000000e+00 5.308619935522295918e+02
1.000000000000000000e+00 5.308619935522295918e+02
1.000000000000000000e+00 5.308619935522295918e+02
1.000000000000000000e+00 5.385835590540483508e+02
1.000000000000000000e+00 5.464174373123329360e+02
1.000000000000000000e+00 5.464174373123329360e+02
1.000000000000000000e+00 5.464174373123329360e+02
1.000000000000000000e+00 5.543652619537441524e+02
1.000000000000000000e+00 5.464174373123329360e+02
1.000000000000000000e+00 5.464174373123329360e+02
0.000000000000000000e+00 0.000000000000000000e+00
0.000000000000000000e+00 0.000000000000000000e+00
1.000000000000000000e+00 5.083551866238000798e+02
1.000000000000000000e+00 5.010669992929442742e+02
1.000000000000000000e+00 5.010669992929442742e+02
1.000000000000000000e+00 5.010669992929442742e+02
1.000000000000000000e+00 5.010669992929442742e+02
0.000000000000000000e+00 0.000000000000000000e+00
0.000000000000000000e+00 0.000000000000000000e+00
0.000000000000000000e+00 0.000000000000000000e+00
0.000000000000000000e+00 0.000000000000000000e+00
0.000000000000000000e+00 0.000000000000000000e+00
0.000000000000000000e+00 0.000000000000000000e+00
0.000000000000000000e+00 0.000000000000000000e+00
0.000000000000000000e+00 0.000000000000000000e+00
0.000000000000000000e+00 0.000000000000000000e+00
1.000000000000000000e+00 4.528929841231365003e+02
1.000000000000000000e+00 4.528929841231365003e+02
1.000000000000000000e+00 4.463999473725104394e+02
1.000000000000000000e+00 4.463999473725104394e+02
1.000000000000000000e+00 4.463999473725104394e+02
1.000000000000000000e+00 4.463999473725104394e+02
1.000000000000000000e+00 4.463999473725104394e+02
1.000000000000000000e+00 4.463999473725104394e+02
1.000000000000000000e+00 4.463999473725104394e+02
1.000000000000000000e+00 4.463999473725104394e+02
1.000000000000000000e+00 4.463999473725104394e+02
1.000000000000000000e+00 4.463999473725104394e+02
1.000000000000000000e+00 4.463999473725104394e+02
1.000000000000000000e+00 4.463999473725104394e+02
1.000000000000000000e+00 4.463999473725104394e+02
1.000000000000000000e+00 4.463999473725104394e+02
1.000000000000000000e+00 4.463999473725104394e+02
1.000000000000000000e+00 4.463999473725104394e+02
1.000000000000000000e+00 4.463999473725104394e+02
0.000000000000000000e+00 0.000000000000000000e+00
0.000000000000000000e+00 0.000000000000000000e+00
0.000000000000000000e+00 0.000000000000000000e+00
0.000000000000000000e+00 0.000000000000000000e+00
0.000000000000000000e+00 0.000000000000000000e+00
0.000000000000000000e+00 0.000000000000000000e+00
0.000000000000000000e+00 0.000000000000000000e+00
0.000000000000000000e+00 0.000000000000000000e+00
0.000000000000000000e+00 0.000000000000000000e+00
1.000000000000000000e+00 3.808360868427029686e+02
0.000000000000000000e+00 0.000000000000000000e+00
0.000000000000000000e+00 0.000000000000000000e+00
0.000000000000000000e+00 0.000000000000000000e+00
0.000000000000000000e+00 0.000000000000000000e+00
0.000000000000000000e+00 0.000000000000000000e+00
0.000000000000000000e+00 0.000000000000000000e+00
0.000000000000000000e+00 0.000000000000000000e+00
0.000000000000000000e+00 0.000000000000000000e+00
0.000000000000000000e+00 0.000000000000000000e+00
0.000000000000000000e+00 0.000000000000000000e+00
0.000000000000000000e+00 0.000000000000000000e+00
1.000000000000000000e+00 4.868025944710867066e+02
1.000000000000000000e+00 4.868025944710867066e+02
1.000000000000000000e+00 4.868025944710867066e+02
1.000000000000000000e+00 4.868025944710867066e+02
0.000000000000000000e+00 0.000000000000000000e+00
0.000000000000000000e+00 0.000000000000000000e+00
0.000000000000000000e+00 0.000000000000000000e+00
0.000000000000000000e+00 0.000000000000000000e+00
0.000000000000000000e+00 0.000000000000000000e+00
1.000000000000000000e+00 4.528929841231365003e+02
1.000000000000000000e+00 4.463999473725104394e+02
1.000000000000000000e+00 4.463999473725104394e+02
1.000000000000000000e+00 4.400000000000000000e+02
1.000000000000000000e+00 4.400000000000000000e+02
1.000000000000000000e+00 4.400000000000000000e+02
1.000000000000000000e+00 4.400000000000000000e+02
1.000000000000000000e+00 4.400000000000000000e+02
1.000000000000000000e+00 4.400000000000000000e+02
1.000000000000000000e+00 4.400000000000000000e+02
1.000000000000000000e+00 4.400000000000000000e+02
1.000000000000000000e+00 4.400000000000000000e+02
1.000000000000000000e+00 4.400000000000000000e+02
1.000000000000000000e+00 4.400000000000000000e+02
1.000000000000000000e+00 4.400000000000000000e+02
1.000000000000000000e+00 4.400000000000000000e+02
1.000000000000000000e+00 4.400000000000000000e+02
1.000000000000000000e+00 4.400000000000000000e+02
0.000000000000000000e+00 0.000000000000000000e+00
0.000000000000000000e+00 0.000000000000000000e+00
0.000000000000000000e+00 0.000000000000000000e+00
0.000000000000000000e+00 0.000000000000000000e+00
0.000000000000000000e+00 0.000000000000000000e+00
0.000000000000000000e+00 0.000000000000000000e+00
0.000000000000000000e+00 0.000000000000000000e+00
1.000000000000000000e+00 4.336918074016825244e+02
1.000000000000000000e+00 4.336918074016825244e+02
1.000000000000000000e+00 4.336918074016825244e+02
1.000000000000000000e+00 4.336918074016825244e+02
1.000000000000000000e+00 4.336918074016825244e+02
0.000000000000000000e+00 0.000000000000000000e+00
0.000000000000000000e+00 0.000000000000000000e+00
0.000000000000000000e+00 0.000000000000000000e+00
0.000000000000000000e+00 0.000000000000000000e+00
1.000000000000000000e+00 4.463999473725104394e+02
1.000000000000000000e+00 4.463999473725104394e+02
1.000000000000000000e+00 4.463999473725104394e+02
1.000000000000000000e+00 8.927998947450206515e+02
1.000000000000000000e+00 8.927998947450206515e+02
1.000000000000000000e+00 4.400000000000000000e+02
1.000000000000000000e+00 8.927998947450206515e+02
1.000000000000000000e+00 8.927998947450206515e+02
1.000000000000000000e+00 8.927998947450206515e+02
0.000000000000000000e+00 0.000000000000000000e+00
0.000000000000000000e+00 0.000000000000000000e+00
0.000000000000000000e+00 0.000000000000000000e+00
0.000000000000000000e+00 0.000000000000000000e+00
0.000000000000000000e+00 0.000000000000000000e+00
0.000000000000000000e+00 0.000000000000000000e+00
0.000000000000000000e+00 0.000000000000000000e+00
0.000000000000000000e+00 0.000000000000000000e+00
0.000000000000000000e+00 0.000000000000000000e+00
0.000000000000000000e+00 0.000000000000000000e+00
0.000000000000000000e+00 0.000000000000000000e+00
0.000000000000000000e+00 0.000000000000000000e+00
0.000000000000000000e+00 0.000000000000000000e+00
0.000000000000000000e+00 0.000000000000000000e+00
0.000000000000000000e+00 0.000000000000000000e+00
0.000000000000000000e+00 0.000000000000000000e+00
0.000000000000000000e+00 0.000000000000000000e+00
1.000000000000000000e+00 8.927998947450206515e+02
1.000000000000000000e+00 8.927998947450206515e+02
0.000000000000000000e+00 0.000000000000000000e+00
0.000000000000000000e+00 0.000000000000000000e+00
0.000000000000000000e+00 0.000000000000000000e+00
0.000000000000000000e+00 0.000000000000000000e+00
0.000000000000000000e+00 0.000000000000000000e+00
0.000000000000000000e+00 0.000000000000000000e+00
0.000000000000000000e+00 0.000000000000000000e+00
0.000000000000000000e+00 0.000000000000000000e+00
0.000000000000000000e+00 0.000000000000000000e+00
0.000000000000000000e+00 0.000000000000000000e+00
0.000000000000000000e+00 0.000000000000000000e+00
0.000000000000000000e+00 0.000000000000000000e+00
0.000000000000000000e+00 0.000000000000000000e+00
0.000000000000000000e+00 0.000000000000000000e+00
0.000000000000000000e+00 0.000000000000000000e+00
0.000000000000000000e+00 0.000000000000000000e+00
0.000000000000000000e+00 0.000000000000000000e+00
0.000000000000000000e+00 0.000000000000000000e+00
0.000000000000000000e+00 0.000000000000000000e+00
0.000000000000000000e+00 0.000000000000000000e+00
0.000000000000000000e+00 0.000000000000000000e+00
1.000000000000000000e+00 2.231999736862552197e+02
1.000000000000000000e+00 2.231999736862552197e+02
1.000000000000000000e+00 2.231999736862552197e+02
1.000000000000000000e+00 2.231999736862552197e+02
1.000000000000000000e+00 2.200000000000000000e+02
1.000000000000000000e+00 2.200000000000000000e+02
1.000000000000000000e+00 2.200000000000000000e+02
0.000000000000000000e+00 0.000000000000000000e+00
0.000000000000000000e+00 0.000000000000000000e+00
0.000000000000000000e+00 0.000000000000000000e+00
0.000000000000000000e+00 0.000000000000000000e+00
0.000000000000000000e+00 0.000000000000000000e+00
0.000000000000000000e+00 0.000000000000000000e+00
0.000000000000000000e+00 0.000000000000000000e+00
0.000000000000000000e+00 0.000000000000000000e+00
1.000000000000000000e+00 2.200000000000000000e+02
0.000000000000000000e+00 0.000000000000000000e+00
0.000000000000000000e+00 0.000000000000000000e+00
0.000000000000000000e+00 0.000000000000000000e+00
0.000000000000000000e+00 0.000000000000000000e+00
0.000000000000000000e+00 0.000000000000000000e+00
0.000000000000000000e+00 0.000000000000000000e+00
0.000000000000000000e+00 0.000000000000000000e+00
0.000000000000000000e+00 0.000000000000000000e+00
0.000000000000000000e+00 0.000000000000000000e+00
1.000000000000000000e+00 4.463999473725104394e+02
1.000000000000000000e+00 4.463999473725104394e+02
0.000000000000000000e+00 0.000000000000000000e+00
0.000000000000000000e+00 0.000000000000000000e+00
0.000000000000000000e+00 0.000000000000000000e+00
0.000000000000000000e+00 0.000000000000000000e+00
0.000000000000000000e+00 0.000000000000000000e+00
0.000000000000000000e+00 0.000000000000000000e+00
0.000000000000000000e+00 0.000000000000000000e+00
1.000000000000000000e+00 4.274740541075865963e+02
1.000000000000000000e+00 4.274740541075865963e+02
1.000000000000000000e+00 4.213454435073724085e+02
1.000000000000000000e+00 4.213454435073724085e+02
1.000000000000000000e+00 4.213454435073724085e+02
1.000000000000000000e+00 4.213454435073724085e+02
1.000000000000000000e+00 4.213454435073724085e+02
1.000000000000000000e+00 4.213454435073724085e+02
1.000000000000000000e+00 4.213454435073724085e+02
1.000000000000000000e+00 4.213454435073724085e+02
1.000000000000000000e+00 4.400000000000000000e+02
1.000000000000000000e+00 4.463999473725104394e+02
1.000000000000000000e+00 4.463999473725104394e+02
1.000000000000000000e+00 4.336918074016825244e+02
1.000000000000000000e+00 4.336918074016825244e+02
1.000000000000000000e+00 4.336918074016825244e+02
1.000000000000000000e+00 4.400000000000000000e+02
1.000000000000000000e+00 4.463999473725104394e+02
1.000000000000000000e+00 4.463999473725104394e+02
0.000000000000000000e+00 0.000000000000000000e+00
0.000000000000000000e+00 0.000000000000000000e+00
0.000000000000000000e+00 0.000000000000000000e+00
0.000000000000000000e+00 0.000000000000000000e+00
0.000000000000000000e+00 0.000000000000000000e+00
0.000000000000000000e+00 0.000000000000000000e+00
0.000000000000000000e+00 0.000000000000000000e+00
0.000000000000000000e+00 0.000000000000000000e+00
1.000000000000000000e+00 6.635774919402871319e+01
1.000000000000000000e+00 6.635774919402871319e+01
1.000000000000000000e+00 6.635774919402871319e+01
1.000000000000000000e+00 6.635774919402871319e+01
1.000000000000000000e+00 6.635774919402871319e+01
1.000000000000000000e+00 6.635774919402871319e+01
1.000000000000000000e+00 6.830217966404161700e+01
1.000000000000000000e+00 6.830217966404161700e+01
1.000000000000000000e+00 6.830217966404161700e+01
1.000000000000000000e+00 6.830217966404161700e+01
1.000000000000000000e+00 6.830217966404161700e+01
0.000000000000000000e+00 0.000000000000000000e+00
0.000000000000000000e+00 0.000000000000000000e+00
0.000000000000000000e+00 0.000000000000000000e+00
0.000000000000000000e+00 0.000000000000000000e+00
0.000000000000000000e+00 0.000000000000000000e+00
0.000000000000000000e+00 0.000000000000000000e+00
0.000000000000000000e+00 0.000000000000000000e+00
0.000000000000000000e+00 0.000000000000000000e+00
0.000000000000000000e+00 0.000000000000000000e+00
0.000000000000000000e+00 0.000000000000000000e+00
0.000000000000000000e+00 0.000000000000000000e+00
1.000000000000000000e+00 2.894545544734002647e+02
1.000000000000000000e+00 2.853047020232221485e+02
1.000000000000000000e+00 2.812143451832947108e+02
0.000000000000000000e+00 0.000000000000000000e+00
0.000000000000000000e+00 0.000000000000000000e+00
0.000000000000000000e+00 0.000000000000000000e+00
0.000000000000000000e+00 0.000000000000000000e+00
0.000000000000000000e+00 0.000000000000000000e+00
0.000000000000000000e+00 0.000000000000000000e+00
0.000000000000000000e+00 0.000000000000000000e+00
0.000000000000000000e+00 0.000000000000000000e+00
0.000000000000000000e+00 0.000000000000000000e+00
0.000000000000000000e+00 0.000000000000000000e+00
0.000000000000000000e+00 0.000000000000000000e+00
