0.000000000000000000e+00 0.000000000000000000e+00
0.000000000000000000e+00 0.000000000000000000e+00
0.000000000000000000e+00 0.000000000000000000e+00
0.000000000000000000e+00 0.000000000000000000e+00
0.000000000000000000e+00 0.000000000000000000e+00
0.000000000000000000e+00 0.000000000000000000e+00
0.000000000000000000e+00 0.000000000000000000e+00
0.000000000000000000e+00 0.000000000000000000e+00
0.000000000000000000e+00 0.000000000000000000e+00
0.000000000000000000e+00 0.000000000000000000e+00
0.000000000000000000e+00 0.000000000000000000e+00
0.000000000000000000e+00 0.000000000000000000e+00
1.000000000000000000e+00 2.771826309768720762e+02
1.000000000000000000e+00 2.771826309768720762e+02
1.000000000000000000e+00 2.771826309768720762e+02
1.000000000000000000e+00 2.692917795270241186e+02
1.000000000000000000e+00 2.654309967761147959e+02
1.000000000000000000e+00 2.654309967761147959e+02
1.000000000000000000e+00 2.654309967761147959e+02
1.000000000000000000e+00 2.654309967761147959e+02
1.000000000000000000e+00 2.692917795270241186e+02
1.000000000000000000e+00 2.692917795270241186e+02
1.000000000000000000e+00 2.692917795270241186e+02
1.000000000000000000e+00 2.692917795270241186e+02
1.000000000000000000e+00 2.654309967761147959e+02
1.000000000000000000e+00 2.654309967761147959e+02
0.000000000000000000e+00 0.000000000000000000e+00
0.000000000000000000e+00 0.000000000000000000e+00
0.000000000000000000e+00 0.000000000000000000e+00
0.000000000000000000e+00 0.000000000000000000e+00
1.000000000000000000e+00 3.111269837220809222e+02
0.000000000000000000e+00 0.000000000000000000e+00
1.000000000000000000e+00 2.979362203261163700e+02
1.000000000000000000e+00 2.936647679174075733e+02
1.000000000000000000e+00 2.894545544734002647e+02
1.000000000000000000e+00 2.894545544734002647e+02
1.000000000000000000e+00 2.894545544734002647e+02
1.000000000000000000e+00 2.894545544734002647e+02
1.000000000000000000e+00 2.894545544734002647e+02
1.000000000000000000e+00 2.894545544734002647e+02
1.000000000000000000e+00 2.894545544734002647e+02
1.000000000000000000e+00 2.894545544734002647e+02
1.000000000000000000e+00 2.853047020232221485e+02
1.000000000000000000e+00 2.853047020232221485e+02
0.000000000000000000e+00 0.000000000000000000e+00
0.000000000000000000e+00 0.000000000000000000e+00
0.000000000000000000e+00 0.000000000000000000e+00
1.000000000000000000e+00 2.894545544734002647e+02
0.000000000000000000e+00 0.000000000000000000e+00
1.000000000000000000e+00 2.979362203261163700e+02
1.000000000000000000e+00 3.022698024407795856e+02
1.000000000000000000e+00 3.066664179587798458e+02
1.000000000000000000e+00 3.111269837220809222e+02
0.000000000000000000e+00 0.000000000000000000e+00
0.000000000000000000e+00 0.000000000000000000e+00
0.000000000000000000e+00 0.000000000000000000e+00
0.000000000000000000e+00 0.000000000000000000e+00
0.000000000000000000e+00 0.000000000000000000e+00
0.000000000000000000e+00 0.000000000000000000e+00
0.000000000000000000e+00 0.000000000000000000e+00
0.000000000000000000e+00 0.000000000000000000e+00
0.000000000000000000e+00 0.000000000000000000e+00
1.000000000000000000e+00 3.066664179587798458e+02
1.000000000000000000e+00 3.022698024407795856e+02
1.000000000000000000e+00 2.979362203261163700e+02
1.000000000000000000e+00 2.936647679174075733e+02
1.000000000000000000e+00 2.894545544734002647e+02
1.000000000000000000e+00 2.936647679174075733e+02
1.000000000000000000e+00 2.936647679174075733e+02
1.000000000000000000e+00 2.979362203261163700e+02
1.000000000000000000e+00 2.979362203261163700e+02
1.000000000000000000e+00 3.022698024407795856e+02
1.000000000000000000e+00 3.022698024407795856e+02
1.000000000000000000e+00 3.066664179587798458e+02
1.000000000000000000e+00 3.066664179587798458e+02
1.000000000000000000e+00 3.066664179587798458e+02
1.000000000000000000e+00 3.066664179587798458e+02
1.000000000000000000e+00 3.111269837220809222e+02
1.000000000000000000e+00 3.156524299084200607e+02
1.000000000000000000e+00 3.202437002252812590e+02
1.000000000000000000e+00 3.296275569128699203e+02
1.000000000000000000e+00 3.296275569128699203e+02
0.000000000000000000e+00 0.000000000000000000e+00
1.000000000000000000e+00 3.156524299084200607e+02
1.000000000000000000e+00 3.156524299084200607e+02
1.000000000000000000e+00 3.202437002252812590e+02
0.000000000000000000e+00 0.000000000000000000e+00
0.000000000000000000e+00 0.000000000000000000e+00
0.000000000000000000e+00 0.000000000000000000e+00
0.000000000000000000e+00 0.000000000000000000e+00
0.000000000000000000e+00 0.000000000000000000e+00
1.000000000000000000e+00 2.616255653005986233e+02
1.000000000000000000e+00 2.616255653005986233e+02
1.000000000000000000e+00 2.616255653005986233e+02
1.000000000000000000e+00 2.616255653005986233e+02
1.000000000000000000e+00 2.616255653005986233e+02
1.000000000000000000e+00 2.616255653005986233e+02
1.000000000000000000e+00 2.616255653005986233e+02
1.000000000000000000e+00 2.616255653005986233e+02
1.000000000000000000e+00 2.616255653005986233e+02
1.000000000000000000e+00 2.616255653005986233e+02
1.000000000000000000e+00 5.157493830804706931e+02
0.000000000000000000e+00 0.000000000000000000e+00
0.000000000000000000e+00 0.000000000000000000e+00
0.000000000000000000e+00 0.000000000000000000e+00
0.000000000000000000e+00 0.000000000000000000e+00
0.000000000000000000e+00 0.000000000000000000e+00
0.000000000000000000e+00 0.000000000000000000e+00
0.000000000000000000e+00 0.000000000000000000e+00
0.000000000000000000e+00 0.000000000000000000e+00
1.000000000000000000e+00 1.931877376410629381e+02
1.000000000000000000e+00 6.446867288505882243e+01
1.000000000000000000e+00 6.446867288505882243e+01
1.000000000000000000e+00 6.446867288505882243e+01
1.000000000000000000e+00 6.446867288505882243e+01
0.000000000000000000e+00 0.000000000000000000e+00
0.000000000000000000e+00 0.000000000000000000e+00
0.000000000000000000e+00 0.000000000000000000e+00
0.000000000000000000e+00 0.000000000000000000e+00
0.000000000000000000e+00 0.000000000000000000e+00
0.000000000000000000e+00 0.000000000000000000e+00
0.000000000000000000e+00 0.000000000000000000e+00
0.000000000000000000e+00 0.000000000000000000e+00
0.000000000000000000e+00 0.000000000000000000e+00
0.000000000000000000e+00 0.000000000000000000e+00
0.000000000000000000e+00 0.000000000000000000e+00
0.000000000000000000e+00 0.000000000000000000e+00
0.000000000000000000e+00 0.000000000000000000e+00
0.000000000000000000e+00 0.000000000000000000e+00
0.000000000000000000e+00 0.000000000000000000e+00
0.000000000000000000e+00 0.000000000000000000e+00
0.000000000000000000e+00 0.000000000000000000e+00
0.000000000000000000e+00 0.000000000000000000e+00
0.000000000000000000e+00 0.000000000000000000e+00
0.000000000000000000e+00 0.000000000000000000e+00
0.000000000000000000e+00 0.000000000000000000e+00
0.000000000000000000e+00 0.000000000000000000e+00
0.000000000000000000e+00 0.000000000000000000e+00
0.000000000000000000e+00 0.000000000000000000e+00
0.000000000000000000e+00 0.000000000000000000e+00
0.000000000000000000e+00 0.000000000000000000e+00
0.000000000000000000e+00 0.000000000000000000e+00
1.000000000000000000e+00 2.979362203261163700e+02
1.000000000000000000e+00 2.979362203261163700e+02
1.000000000000000000e+00 2.979362203261163700e+02
1.000000000000000000e+00 2.979362203261163700e+02
1.000000000000000000e+00 3.022698024407795856e+02
1.000000000000000000e+00 2.979362203261163700e+02
1.000000000000000000e+00 2.979362203261163700e+02
1.000000000000000000e+00 2.979362203261163700e+02
1.000000000000000000e+00 2.979362203261163700e+02
1.000000000000000000e+00 2.979362203261163700e+02
1.000000000000000000e+00 2.936647679174075733e+02
0.000000000000000000e+00 0.000000000000000000e+00
1.000000000000000000e+00 2.812143451832947108e+02
1.000000000000000000e+00 2.732087186561664680e+02
1.000000000000000000e+00 1.327154983880573980e+02
1.000000000000000000e+00 2.654309967761147959e+02
1.000000000000000000e+00 1.308127826502993116e+02
1.000000000000000000e+00 2.654309967761147959e+02
1.000000000000000000e+00 1.308127826502993116e+02
1.000000000000000000e+00 1.308127826502993116e+02
1.000000000000000000e+00 1.327154983880573980e+02
1.000000000000000000e+00 1.327154983880573980e+02
1.000000000000000000e+00 1.308127826502993116e+02
1.000000000000000000e+00 1.308127826502993116e+02
1.000000000000000000e+00 1.308127826502993116e+02
0.000000000000000000e+00 0.000000000000000000e+00
0.000000000000000000e+00 0.000000000000000000e+00
0.000000000000000000e+00 0.000000000000000000e+00
1.000000000000000000e+00 4.400000000000000000e+02
1.000000000000000000e+00 2.200000000000000000e+02
0.000000000000000000e+00 0.000000000000000000e+00
0.000000000000000000e+00 0.000000000000000000e+00
0.000000000000000000e+00 0.000000000000000000e+00
0.000000000000000000e+00 0.000000000000000000e+00
0.000000000000000000e+00 0.000000000000000000e+00
0.000000000000000000e+00 0.000000000000000000e+00
0.000000000000000000e+00 0.000000000000000000e+00
0.000000000000000000e+00 0.000000000000000000e+00
0.000000000000000000e+00 0.000000000000000000e+00
0.000000000000000000e+00 0.000000000000000000e+00
0.000000000000000000e+00 0.000000000000000000e+00
0.000000000000000000e+00 0.000000000000000000e+00
0.000000000000000000e+00 0.000000000000000000e+00
0.000000000000000000e+00 0.000000000000000000e+00
1.000000000000000000e+00 1.696431907948734761e+02
1.000000000000000000e+00 1.696431907948734761e+02
1.000000000000000000e+00 1.696431907948734761e+02
1.000000000000000000e+00 1.746141157165019422e+02
1.000000000000000000e+00 1.771539365144179783e+02
1.000000000000000000e+00 1.771539365144179783e+02
1.000000000000000000e+00 1.771539365144179783e+02
1.000000000000000000e+00 1.771539365144179783e+02
1.000000000000000000e+00 1.746141157165019422e+02
1.000000000000000000e+00 1.696431907948734761e+02
1.000000000000000000e+00 1.696431907948734761e+02
1.000000000000000000e+00 1.696431907948734761e+02
1.000000000000000000e+00 1.721107078248551261e+02
1.000000000000000000e+00 1.721107078248551261e+02
1.000000000000000000e+00 1.721107078248551261e+02
1.000000000000000000e+00 1.721107078248551261e+02
1.000000000000000000e+00 1.721107078248551261e+02
1.000000000000000000e+00 1.721107078248551261e+02
1.000000000000000000e+00 1.721107078248551261e+02
1.000000000000000000e+00 1.721107078248551261e+02
1.000000000000000000e+00 1.721107078248551261e+02
1.000000000000000000e+00 1.721107078248551261e+02
0.000000000000000000e+00 0.000000000000000000e+00
0.000000000000000000e+00 0.000000000000000000e+00
0.000000000000000000e+00 0.000000000000000000e+00
0.000000000000000000e+00 0.000000000000000000e+00
0.000000000000000000e+00 0.000000000000000000e+00
0.000000000000000000e+00 0.000000000000000000e+00
0.000000000000000000e+00 0.000000000000000000e+00
1.000000000000000000e+00 2.330818807590449637e+02
1.000000000000000000e+00 2.330818807590449637e+02
1.000000000000000000e+00 2.330818807590449637e+02
1.000000000000000000e+00 2.330818807590449637e+02
1.000000000000000000e+00 2.297402321340310323e+02
1.000000000000000000e+00 2.297402321340310323e+02
1.000000000000000000e+00 2.297402321340310323e+02
1.000000000000000000e+00 2.264464920615682502e+02
1.000000000000000000e+00 2.264464920615682502e+02
0.000000000000000000e+00 0.000000000000000000e+00
0.000000000000000000e+00 0.000000000000000000e+00
0.000000000000000000e+00 0.000000000000000000e+00
0.000000000000000000e+00 0.000000000000000000e+00
0.000000000000000000e+00 0.000000000000000000e+00
0.000000000000000000e+00 0.000000000000000000e+00
0.000000000000000000e+00 0.000000000000000000e+00
0.000000000000000000e+00 0.000000000000000000e+00
0.000000000000000000e+00 0.000000000000000000e+00
0.000000000000000000e+00 0.000000000000000000e+00
0.000000000000000000e+00 0.000000000000000000e+00
0.000000000000000000e+00 0.000000000000000000e+00
0.000000000000000000e+00 0.000000000000000000e+00
0.000000000000000000e+00 0.000000000000000000e+00
0.000000000000000000e+00 0.000000000000000000e+00
0.000000000000000000e+00 0.000000000000000000e+00
0.000000000000000000e+00 0.000000000000000000e+00
0.000000000000000000e+00 0.000000000000000000e+00
0.000000000000000000e+00 0.000000000000000000e+00
0.000000000000000000e+00 0.000000000000000000e+00
1.000000000000000000e+00 1.141218808092888594e+03
1.000000000000000000e+00 1.141218808092888594e+03
1.000000000000000000e+00 1.141218808092888594e+03
1.000000000000000000e+00 1.141218808092888594e+03
1.000000000000000000e+00 1.141218808092888594e+03
1.000000000000000000e+00 1.141218808092888594e+03
1.000000000000000000e+00 1.141218808092888594e+03
1.000000000000000000e+00 1.141218808092888594e+03
1.000000000000000000e+00 1.141218808092888594e+03
1.000000000000000000e+00 1.141218808092888594e+03
1.000000000000000000e+00 1.141218808092888594e+03
1.000000000000000000e+00 1.141218808092888594e+03
1.000000000000000000e+00 1.141218808092888594e+03
1.000000000000000000e+00 2.297402321340310323e+02
1.000000000000000000e+00 2.297402321340310323e+02
0.000000000000000000e+00 0.000000000000000000e+00
0.000000000000000000e+00 0.000000000000000000e+00
0.000000000000000000e+00 0.000000000000000000e+00
0.000000000000000000e+00 0.000000000000000000e+00
0.000000000000000000e+00 0.000000000000000000e+00
0.000000000000000000e+00 0.000000000000000000e+00
0.000000000000000000e+00 0.000000000000000000e+00
0.000000000000000000e+00 0.000000000000000000e+00
1.000000000000000000e+00 2.137370270537932981e+02
1.000000000000000000e+00 2.137370270537932981e+02
1.000000000000000000e+00 2.137370270537932981e+02
1.000000000000000000e+00 2.168459037008412622e+02
1.000000000000000000e+00 2.168459037008412622e+02
1.000000000000000000e+00 2.137370270537932981e+02
1.000000000000000000e+00 2.137370270537932981e+02
1.000000000000000000e+00 2.137370270537932981e+02
1.000000000000000000e+00 2.137370270537932981e+02
1.000000000000000000e+00 2.137370270537932981e+02
1.000000000000000000e+00 2.137370270537932981e+02
1.000000000000000000e+00 2.137370270537932981e+02
1.000000000000000000e+00 2.137370270537932981e+02
1.000000000000000000e+00 2.137370270537932981e+02
1.000000000000000000e+00 2.168459037008412622e+02
1.000000000000000000e+00 2.168459037008412622e+02
1.000000000000000000e+00 2.168459037008412622e+02
1.000000000000000000e+00 2.137370270537932981e+02
1.000000000000000000e+00 2.137370270537932981e+02
1.000000000000000000e+00 2.137370270537932981e+02
1.000000000000000000e+00 2.168459037008412622e+02
1.000000000000000000e+00 2.168459037008412622e+02
0.000000000000000000e+00 0.000000000000000000e+00
0.000000000000000000e+00 0.000000000000000000e+00
0.000000000000000000e+00 0.000000000000000000e+00
0.000000000000000000e+00 0.000000000000000000e+00
1.000000000000000000e+00 5.958724406522327399e+02
1.000000000000000000e+00 5.958724406522327399e+02
1.000000000000000000e+00 5.958724406522327399e+02
1.000000000000000000e+00 3.066664179587798458e+02
1.000000000000000000e+00 3.022698024407795856e+02
0.000000000000000000e+00 0.000000000000000000e+00
1.000000000000000000e+00 2.654309967761147959e+02
1.000000000000000000e+00 2.616255653005986233e+02
1.000000000000000000e+00 5.157493830804706931e+02
1.000000000000000000e+00 2.505334996464721371e+02
0.000000000000000000e+00 0.000000000000000000e+00
0.000000000000000000e+00 0.000000000000000000e+00
1.000000000000000000e+00 2.231999736862552197e+02
0.000000000000000000e+00 0.000000000000000000e+00
0.000000000000000000e+00 0.000000000000000000e+00
0.000000000000000000e+00 0.000000000000000000e+00
0.000000000000000000e+00 0.000000000000000000e+00
0.000000000000000000e+00 0.000000000000000000e+00
0.000000000000000000e+00 0.000000000000000000e+00
1.000000000000000000e+00 1.931877376410629381e+02
1.000000000000000000e+00 1.931877376410629381e+02
1.000000000000000000e+00 1.904180434213514843e+02
0.000000000000000000e+00 0.000000000000000000e+00
0.000000000000000000e+00 0.000000000000000000e+00
0.000000000000000000e+00 0.000000000000000000e+00
0.000000000000000000e+00 0.000000000000000000e+00
0.000000000000000000e+00 0.000000000000000000e+00
0.000000000000000000e+00 0.000000000000000000e+00
0.000000000000000000e+00 0.000000000000000000e+00
0.000000000000000000e+00 0.000000000000000000e+00
0.000000000000000000e+00 0.000000000000000000e+00
0.000000000000000000e+00 0.000000000000000000e+00
0.000000000000000000e+00 0.000000000000000000e+00
0.000000000000000000e+00 0.000000000000000000e+00
0.000000000000000000e+00 0.000000000000000000e+00
0.000000000000000000e+00 0.000000000000000000e+00
1.000000000000000000e+00 2.200000000000000000e+02
1.000000000000000000e+00 2.231999736862552197e+02
1.000000000000000000e+00 2.231999736862552197e+02
1.000000000000000000e+00 2.200000000000000000e+02
1.000000000000000000e+00 2.200000000000000000e+02
0.000000000000000000e+00 0.000000000000000000e+00
0.000000000000000000e+00 0.000000000000000000e+00
0.000000000000000000e+00 0.000000000000000000e+00
0.000000000000000000e+00 0.000000000000000000e+00
1.000000000000000000e+00 2.200000000000000000e+02
1.000000000000000000e+00 2.200000000000000000e+02
1.000000000000000000e+00 2.168459037008412622e+02
0.000000000000000000e+00 0.000000000000000000e+00
1.000000000000000000e+00 2.297402321340310323e+02
1.000000000000000000e+00 2.297402321340310323e+02
1.000000000000000000e+00 2.297402321340310323e+02
1.000000000000000000e+00 2.297402321340310323e+02
1.000000000000000000e+00 2.297402321340310323e+02
1.000000000000000000e+00 2.297402321340310323e+02
1.000000000000000000e+00 2.297402321340310323e+02
1.000000000000000000e+00 2.297402321340310323e+02
0.000000000000000000e+00 0.000000000000000000e+00
0.000000000000000000e+00 0.000000000000000000e+00
0.000000000000000000e+00 0.000000000000000000e+00
0.000000000000000000e+00 0.000000000000000000e+00
0.000000000000000000e+00 0.000000000000000000e+00
0.000000000000000000e+00 0.000000000000000000e+00
0.000000000000000000e+00 0.000000000000000000e+00
0.000000000000000000e+00 0.000000000000000000e+00
0.000000000000000000e+00 0.000000000000000000e+00
0.000000000000000000e+00 0.000000000000000000e+00
0.000000000000000000e+00 0.000000000000000000e+00
0.000000000000000000e+00 0.000000000000000000e+00
0.000000000000000000e+00 0.000000000000000000e+00
0.000000000000000000e+00 0.000000000000000000e+00
0.000000000000000000e+00 0.000000000000000000e+00
0.000000000000000000e+00 0.000000000000000000e+00
0.000000000000000000e+00 0.000000000000000000e+00
1.000000000000000000e+00 1.141218808092888594e+03
1.000000000000000000e+00 1.141218808092888594e+03
1.000000000000000000e+00 2.330818807590449637e+02
1.000000000000000000e+00 1.141218808092888594e+03
1.000000000000000000e+00 2.297402321340310323e+02
1.000000000000000000e+00 2.297402321340310323e+02
1.000000000000000000e+00 2.297402321340310323e+02
1.000000000000000000e+00 2.297402321340310323e+02
1.000000000000000000e+00 2.297402321340310323e+02
1.000000000000000000e+00 2.297402321340310323e+02
1.000000000000000000e+00 2.297402321340310323e+02
1.000000000000000000e+00 2.297402321340310323e+02
1.000000000000000000e+00 2.297402321340310323e+02
0.000000000000000000e+00 0.000000000000000000e+00
0.000000000000000000e+00 0.000000000000000000e+00
0.000000000000000000e+00 0.000000000000000000e+00
0.000000000000000000e+00 0.000000000000000000e+00
0.000000000000000000e+00 0.000000000000000000e+00
0.000000000000000000e+00 0.000000000000000000e+00
0.000000000000000000e+00 0.000000000000000000e+00
0.000000000000000000e+00 0.000000000000000000e+00
1.000000000000000000e+00 2.297402321340310323e+02
1.000000000000000000e+00 2.297402321340310323e+02
1.000000000000000000e+00 2.297402321340310323e+02
1.000000000000000000e+00 2.264464920615682502e+02
1.000000000000000000e+00 2.231999736862552197e+02
1.000000000000000000e+00 2.231999736862552197e+02
1.000000000000000000e+00 2.200000000000000000e+02
0.000000000000000000e+00 0.000000000000000000e+00
0.000000000000000000e+00 0.000000000000000000e+00
0.000000000000000000e+00 0.000000000000000000e+00
0.000000000000000000e+00 0.000000000000000000e+00
0.000000000000000000e+00 0.000000000000000000e+00
0.000000000000000000e+00 0.000000000000000000e+00
0.000000000000000000e+00 0.000000000000000000e+00
0.000000000000000000e+00 0.000000000000000000e+00
0.000000000000000000e+00 0.000000000000000000e+00
0.000000000000000000e+00 0.000000000000000000e+00
0.000000000000000000e+00 0.000000000000000000e+00
1.000000000000000000e+00 3.022698024407795856e+02
1.000000000000000000e+00 3.066664179587798458e+02
1.000000000000000000e+00 3.066664179587798458e+02
1.000000000000000000e+00 3.066664179587798458e+02
1.000000000000000000e+00 3.066664179587798458e+02
1.000000000000000000e+00 3.022698024407795856e+02
1.000000000000000000e+00 3.022698024407795856e+02
1.000000000000000000e+00 3.022698024407795856e+02
1.000000000000000000e+00 3.022698024407795856e+02
0.000000000000000000e+00 0.000000000000000000e+00
1.000000000000000000e+00 3.202437002252812590e+02
1.000000000000000000e+00 3.202437002252812590e+02
1.000000000000000000e+00 3.249017521066898553e+02
1.000000000000000000e+00 3.249017521066898553e+02
1.000000000000000000e+00 3.249017521066898553e+02
1.000000000000000000e+00 3.249017521066898553e+02
1.000000000000000000e+00 3.249017521066898553e+02
1.000000000000000000e+00 3.249017521066898553e+02
1.000000000000000000e+00 3.249017521066898553e+02
0.000000000000000000e+00 0.000000000000000000e+00
0.000000000000000000e+00 0.000000000000000000e+00
0.000000000000000000e+00 0.000000000000000000e+00
0.000000000000000000e+00 0.000000000000000000e+00
0.000000000000000000e+00 0.000000000000000000e+00
0.000000000000000000e+00 0.000000000000000000e+00
0.000000000000000000e+00 0.000000000000000000e+00
0.000000000000000000e+00 0.000000000000000000e+00
0.000000000000000000e+00 0.000000000000000000e+00
0.000000000000000000e+00 0.000000000000000000e+00
0.000000000000000000e+00 0.000000000000000000e+00
1.000000000000000000e+00 2.616255653005986233e+02
1.000000000000000000e+00 2.616255653005986233e+02
1.000000000000000000e+00 2.578746915402352897e+02
1.000000000000000000e+00 2.578746915402352897e+02
1.000000000000000000e+00 2.616255653005986233e+02
0.000000000000000000e+00 0.000000000000000000e+00
1.000000000000000000e+00 2.894545544734002647e+02
1.000000000000000000e+00 2.979362203261163700e+02
1.000000000000000000e+00 2.979362203261163700e+02
1.000000000000000000e+00 2.979362203261163700e+02
0.000000000000000000e+00 0.000000000000000000e+00
0.000000000000000000e+00 0.000000000000000000e+00
0.000000000000000000e+00 0.000000000000000000e+00
0.000000000000000000e+00 0.000000000000000000e+00
1.000000000000000000e+00 2.505334996464721371e+02
1.000000000000000000e+00 2.541775933119000399e+02
1.000000000000000000e+00 2.578746915402352897e+02
1.000000000000000000e+00 2.692917795270241186e+02
1.000000000000000000e+00 2.732087186561664680e+02
1.000000000000000000e+00 2.771826309768720762e+02
1.000000000000000000e+00 2.732087186561664680e+02
1.000000000000000000e+00 2.654309967761147959e+02
1.000000000000000000e+00 2.654309967761147959e+02
1.000000000000000000e+00 2.654309967761147959e+02
1.000000000000000000e+00 2.654309967761147959e+02
1.000000000000000000e+00 2.771826309768720762e+02
1.000000000000000000e+00 2.812143451832947108e+02
1.000000000000000000e+00 2.812143451832947108e+02
1.000000000000000000e+00 1.308127826502993116e+02
1.000000000000000000e+00 1.308127826502993116e+02
1.000000000000000000e+00 1.308127826502993116e+02
1.000000000000000000e+00 1.308127826502993116e+02
1.000000000000000000e+00 1.308127826502993116e+02
1.000000000000000000e+00 2.616255653005986233e+02
1.000000000000000000e+00 2.616255653005986233e+02
1.000000000000000000e+00 2.616255653005986233e+02
1.000000000000000000e+00 1.308127826502993116e+02
1.000000000000000000e+00 1.308127826502993116e+02
1.000000000000000000e+00 1.308127826502993116e+02
0.000000000000000000e+00 0.000000000000000000e+00
0.000000000000000000e+00 0.000000000000000000e+00
0.000000000000000000e+00 0.000000000000000000e+00
0.000000000000000000e+00 0.000000000000000000e+00
0.000000000000000000e+00 0.000000000000000000e+00
0.000000000000000000e+00 0.000000000000000000e+00
0.000000000000000000e+00 0.000000000000000000e+00
0.000000000000000000e+00 0.000000000000000000e+00
0.000000000000000000e+00 0.000000000000000000e+00
0.000000000000000000e+00 0.000000000000000000e+00
0.000000000000000000e+00 0.000000000000000000e+00
0.000000000000000000e+00 0.000000000000000000e+00
0.000000000000000000e+00 0.000000000000000000e+00
0.000000000000000000e+00 0.000000000000000000e+00
0.000000000000000000e+00 0.000000000000000000e+00
0.000000000000000000e+00 0.000000000000000000e+00
0.000000000000000000e+00 0.000000000000000000e+00
0.000000000000000000e+00 0.000000000000000000e+00
0.000000000000000000e+00 0.000000000000000000e+00
0.000000000000000000e+00 0.000000000000000000e+00
0.000000000000000000e+00 0.000000000000000000e+00
0.000000000000000000e+00 0.000000000000000000e+00
0.000000000000000000e+00 0.000000000000000000e+00
0.000000000000000000e+00 0.000000000000000000e+00
0.000000000000000000e+00 0.000000000000000000e+00
