0.000000000000000000e+00 0.000000000000000000e+00
0.000000000000000000e+00 0.000000000000000000e+00
0.000000000000000000e+00 0.000000000000000000e+00
0.000000000000000000e+00 0.000000000000000000e+00
0.000000000000000000e+00 0.000000000000000000e+00
0.000000000000000000e+00 0.000000000000000000e+00
0.000000000000000000e+00 0.000000000000000000e+00
0.000000000000000000e+00 0.000000000000000000e+00
0.000000000000000000e+00 0.000000000000000000e+00
0.000000000000000000e+00 0.000000000000000000e+00
0.000000000000000000e+00 0.000000000000000000e+00
0.000000000000000000e+00 0.000000000000000000e+00
0.000000000000000000e+00 0.000000000000000000e+00
0.000000000000000000e+00 0.000000000000000000e+00
0.000000000000000000e+00 0.000000000000000000e+00
0.000000000000000000e+00 0.000000000000000000e+00
0.000000000000000000e+00 0.000000000000000000e+00
0.000000000000000000e+00 0.000000000000000000e+00
0.000000000000000000e+00 0.000000000000000000e+00
0.000000000000000000e+00 0.000000000000000000e+00
0.000000000000000000e+00 0.000000000000000000e+00
0.000000000000000000e+00 0.000000000000000000e+00
0.000000000000000000e+00 0.000000000000000000e+00
1.000000000000000000e+00 1.217006486177716482e+02
1.000000000000000000e+00 1.217006486177716482e+02
1.000000000000000000e+00 1.234708253140310319e+02
1.000000000000000000e+00 1.234708253140310319e+02
1.000000000000000000e+00 1.252667498232360686e+02
1.000000000000000000e+00 1.270887966559500200e+02
1.000000000000000000e+00 1.289373457701176733e+02
1.000000000000000000e+00 1.308127826502993116e+02
1.000000000000000000e+00 1.327154983880573980e+02
1.000000000000000000e+00 1.327154983880573980e+02
1.000000000000000000e+00 1.327154983880573980e+02
1.000000000000000000e+00 1.327154983880573980e+02
1.000000000000000000e+00 1.327154983880573980e+02
1.000000000000000000e+00 1.327154983880573980e+02
1.000000000000000000e+00 1.327154983880573980e+02
1.000000000000000000e+00 1.346458897635120877e+02
0.000000000000000000e+00 0.000000000000000000e+00
0.000000000000000000e+00 0.000000000000000000e+00
0.000000000000000000e+00 0.000000000000000000e+00
0.000000000000000000e+00 0.000000000000000000e+00
0.000000000000000000e+00 0.000000000000000000e+00
1.000000000000000000e+00 1.746141157165019422e+02
1.000000000000000000e+00 1.771539365144179783e+02
1.000000000000000000e+00 1.771539365144179783e+02
1.000000000000000000e+00 1.771539365144179783e+02
1.000000000000000000e+00 1.771539365144179783e+02
1.000000000000000000e+00 1.746141157165019422e+02
1.000000000000000000e+00 1.746141157165019422e+02
1.000000000000000000e+00 1.746141157165019422e+02
1.000000000000000000e+00 1.746141157165019422e+02
1.000000000000000000e+00 1.746141157165019422e+02
1.000000000000000000e+00 1.721107078248551261e+02
1.000000000000000000e+00 1.721107078248551261e+02
1.000000000000000000e+00 1.721107078248551261e+02
1.000000000000000000e+00 1.746141157165019422e+02
1.000000000000000000e+00 1.746141157165019422e+02
1.000000000000000000e+00 1.746141157165019422e+02
1.000000000000000000e+00 1.746141157165019422e+02
1.000000000000000000e+00 1.746141157165019422e+02
1.000000000000000000e+00 1.746141157165019422e+02
1.000000000000000000e+00 1.721107078248551261e+02
1.000000000000000000e+00 1.721107078248551261e+02
1.000000000000000000e+00 1.721107078248551261e+02
1.000000000000000000e+00 1.696431907948734761e+02
1.000000000000000000e+00 1.696431907948734761e+02
1.000000000000000000e+00 1.721107078248551261e+02
1.000000000000000000e+00 1.721107078248551261e+02
1.000000000000000000e+00 1.721107078248551261e+02
1.000000000000000000e+00 1.721107078248551261e+02
0.000000000000000000e+00 0.000000000000000000e+00
0.000000000000000000e+00 0.000000000000000000e+00
0.000000000000000000e+00 0.000000000000000000e+00
0.000000000000000000e+00 0.000000000000000000e+00
0.000000000000000000e+00 0.000000000000000000e+00
0.000000000000000000e+00 0.000000000000000000e+00
0.000000000000000000e+00 0.000000000000000000e+00
0.000000000000000000e+00 0.000000000000000000e+00
0.000000000000000000e+00 0.000000000000000000e+00
0.000000000000000000e+00 0.000000000000000000e+00
0.000000000000000000e+00 0.000000000000000000e+00
0.000000000000000000e+00 0.000000000000000000e+00
0.000000000000000000e+00 0.000000000000000000e+00
0.000000000000000000e+00 0.000000000000000000e+00
0.000000000000000000e+00 0.000000000000000000e+00
0.000000000000000000e+00 0.000000000000000000e+00
0.000000000000000000e+00 0.000000000000000000e+00
0.000000000000000000e+00 0.000000000000000000e+00
0.000000000000000000e+00 0.000000000000000000e+00
0.000000000000000000e+00 0.000000000000000000e+00
0.000000000000000000e+00 0.000000000000000000e+00
0.000000000000000000e+00 0.000000000000000000e+00
0.000000000000000000e+00 0.000000000000000000e+00
0.000000000000000000e+00 0.000000000000000000e+00
0.000000000000000000e+00 0.000000000000000000e+00
0.000000000000000000e+00 0.000000000000000000e+00
0.000000000000000000e+00 0.000000000000000000e+00
1.000000000000000000e+00 1.555634918610404611e+02
1.000000000000000000e+00 1.624508760533449276e+02
1.000000000000000000e+00 1.648137784564349602e+02
1.000000000000000000e+00 1.648137784564349602e+02
1.000000000000000000e+00 1.648137784564349602e+02
1.000000000000000000e+00 1.648137784564349602e+02
1.000000000000000000e+00 1.624508760533449276e+02
1.000000000000000000e+00 1.601218501126406295e+02
1.000000000000000000e+00 1.601218501126406295e+02
1.000000000000000000e+00 1.601218501126406295e+02
1.000000000000000000e+00 1.601218501126406295e+02
1.000000000000000000e+00 1.624508760533449276e+02
1.000000000000000000e+00 1.624508760533449276e+02
1.000000000000000000e+00 1.624508760533449276e+02
1.000000000000000000e+00 1.624508760533449276e+02
1.000000000000000000e+00 1.648137784564349602e+02
1.000000000000000000e+00 1.648137784564349602e+02
1.000000000000000000e+00 1.648137784564349602e+02
1.000000000000000000e+00 1.648137784564349602e+02
1.000000000000000000e+00 1.648137784564349602e+02
0.000000000000000000e+00 0.000000000000000000e+00
0.000000000000000000e+00 0.000000000000000000e+00
0.000000000000000000e+00 0.000000000000000000e+00
0.000000000000000000e+00 0.000000000000000000e+00
0.000000000000000000e+00 0.000000000000000000e+00
0.000000000000000000e+00 0.000000000000000000e+00
0.000000000000000000e+00 0.000000000000000000e+00
1.000000000000000000e+00 1.771539365144179783e+02
1.000000000000000000e+00 1.771539365144179783e+02
1.000000000000000000e+00 1.746141157165019422e+02
0.000000000000000000e+00 0.000000000000000000e+00
1.000000000000000000e+00 1.624508760533449276e+02
0.000000000000000000e+00 0.000000000000000000e+00
0.000000000000000000e+00 0.000000000000000000e+00
0.000000000000000000e+00 0.000000000000000000e+00
1.000000000000000000e+00 1.904180434213514843e+02
1.000000000000000000e+00 1.931877376410629381e+02
1.000000000000000000e+00 1.931877376410629381e+02
1.000000000000000000e+00 1.931877376410629381e+02
0.000000000000000000e+00 0.000000000000000000e+00
0.000000000000000000e+00 0.000000000000000000e+00
0.000000000000000000e+00 0.000000000000000000e+00
0.000000000000000000e+00 0.000000000000000000e+00
0.000000000000000000e+00 0.000000000000000000e+00
0.000000000000000000e+00 0.000000000000000000e+00
0.000000000000000000e+00 0.000000000000000000e+00
0.000000000000000000e+00 0.000000000000000000e+00
0.000000000000000000e+00 0.000000000000000000e+00
0.000000000000000000e+00 0.000000000000000000e+00
0.000000000000000000e+00 0.000000000000000000e+00
0.000000000000000000e+00 0.000000000000000000e+00
0.000000000000000000e+00 0.000000000000000000e+00
1.000000000000000000e+00 1.624508760533449276e+02
1.000000000000000000e+00 1.624508760533449276e+02
1.000000000000000000e+00 1.624508760533449276e+02
1.000000000000000000e+00 1.624508760533449276e+02
1.000000000000000000e+00 1.624508760533449276e+02
1.000000000000000000e+00 1.624508760533449276e+02
1.000000000000000000e+00 1.648137784564349602e+02
1.000000000000000000e+00 1.648137784564349602e+02
1.000000000000000000e+00 1.696431907948734761e+02
1.000000000000000000e+00 1.746141157165019422e+02
1.000000000000000000e+00 1.797306998565209710e+02
1.000000000000000000e+00 1.823449430844896142e+02
1.000000000000000000e+00 1.823449430844896142e+02
1.000000000000000000e+00 1.797306998565209710e+02
1.000000000000000000e+00 1.746141157165019422e+02
0.000000000000000000e+00 0.000000000000000000e+00
1.000000000000000000e+00 1.648137784564349602e+02
0.000000000000000000e+00 0.000000000000000000e+00
0.000000000000000000e+00 0.000000000000000000e+00
0.000000000000000000e+00 0.000000000000000000e+00
1.000000000000000000e+00 1.771539365144179783e+02
1.000000000000000000e+00 1.746141157165019422e+02
1.000000000000000000e+00 1.746141157165019422e+02
1.000000000000000000e+00 1.721107078248551261e+02
1.000000000000000000e+00 1.672110500664026347e+02
1.000000000000000000e+00 1.648137784564349602e+02
1.000000000000000000e+00 1.648137784564349602e+02
1.000000000000000000e+00 1.672110500664026347e+02
1.000000000000000000e+00 1.672110500664026347e+02
1.000000000000000000e+00 1.721107078248551261e+02
0.000000000000000000e+00 0.000000000000000000e+00
0.000000000000000000e+00 0.000000000000000000e+00
0.000000000000000000e+00 0.000000000000000000e+00
0.000000000000000000e+00 0.000000000000000000e+00
0.000000000000000000e+00 0.000000000000000000e+00
0.000000000000000000e+00 0.000000000000000000e+00
0.000000000000000000e+00 0.000000000000000000e+00
1.000000000000000000e+00 1.746141157165019422e+02
1.000000000000000000e+00 1.746141157165019422e+02
1.000000000000000000e+00 1.746141157165019422e+02
1.000000000000000000e+00 1.746141157165019422e+02
0.000000000000000000e+00 0.000000000000000000e+00
0.000000000000000000e+00 0.000000000000000000e+00
0.000000000000000000e+00 0.000000000000000000e+00
0.000000000000000000e+00 0.000000000000000000e+00
0.000000000000000000e+00 0.000000000000000000e+00
0.000000000000000000e+00 0.000000000000000000e+00
0.000000000000000000e+00 0.000000000000000000e+00
0.000000000000000000e+00 0.000000000000000000e+00
0.000000000000000000e+00 0.000000000000000000e+00
0.000000000000000000e+00 0.000000000000000000e+00
0.000000000000000000e+00 0.000000000000000000e+00
0.000000000000000000e+00 0.000000000000000000e+00
0.000000000000000000e+00 0.000000000000000000e+00
0.000000000000000000e+00 0.000000000000000000e+00
0.000000000000000000e+00 0.000000000000000000e+00
1.000000000000000000e+00 1.746141157165019422e+02
1.000000000000000000e+00 1.746141157165019422e+02
1.000000000000000000e+00 1.746141157165019422e+02
1.000000000000000000e+00 1.746141157165019422e+02
0.000000000000000000e+00 0.000000000000000000e+00
0.000000000000000000e+00 0.000000000000000000e+00
0.000000000000000000e+00 0.000000000000000000e+00
0.000000000000000000e+00 0.000000000000000000e+00
0.000000000000000000e+00 0.000000000000000000e+00
0.000000000000000000e+00 0.000000000000000000e+00
0.000000000000000000e+00 0.000000000000000000e+00
0.000000000000000000e+00 0.000000000000000000e+00
0.000000000000000000e+00 0.000000000000000000e+00
0.000000000000000000e+00 0.000000000000000000e+00
0.000000000000000000e+00 0.000000000000000000e+00
0.000000000000000000e+00 0.000000000000000000e+00
0.000000000000000000e+00 0.000000000000000000e+00
0.000000000000000000e+00 0.000000000000000000e+00
0.000000000000000000e+00 0.000000000000000000e+00
0.000000000000000000e+00 0.000000000000000000e+00
0.000000000000000000e+00 0.000000000000000000e+00
0.000000000000000000e+00 0.000000000000000000e+00
0.000000000000000000e+00 0.000000000000000000e+00
0.000000000000000000e+00 0.000000000000000000e+00
0.000000000000000000e+00 0.000000000000000000e+00
0.000000000000000000e+00 0.000000000000000000e+00
0.000000000000000000e+00 0.000000000000000000e+00
1.000000000000000000e+00 5.232511306011972465e+02
1.000000000000000000e+00 5.308619935522295918e+02
1.000000000000000000e+00 5.308619935522295918e+02
1.000000000000000000e+00 5.308619935522295918e+02
1.000000000000000000e+00 5.308619935522295918e+02
1.000000000000000000e+00 5.308619935522295918e+02
1.000000000000000000e+00 5.308619935522295918e+02
1.000000000000000000e+00 5.308619935522295918e+02
1.000000000000000000e+00 5.308619935522295918e+02
1.000000000000000000e+00 5.308619935522295918e+02
1.000000000000000000e+00 5.308619935522295918e+02
1.000000000000000000e+00 5.308619935522295918e+02
1.000000000000000000e+00 5.308619935522295918e+02
1.000000000000000000e+00 5.308619935522295918e+02
1.000000000000000000e+00 5.308619935522295918e+02
0.000000000000000000e+00 0.000000000000000000e+00
0.000000000000000000e+00 0.000000000000000000e+00
1.000000000000000000e+00 5.010669992929442742e+02
1.000000000000000000e+00 4.938833012561241276e+02
1.000000000000000000e+00 4.938833012561241276e+02
1.000000000000000000e+00 4.938833012561241276e+02
1.000000000000000000e+00 4.938833012561241276e+02
1.000000000000000000e+00 4.938833012561241276e+02
1.000000000000000000e+00 4.938833012561241276e+02
0.000000000000000000e+00 0.000000000000000000e+00
0.000000000000000000e+00 0.000000000000000000e+00
0.000000000000000000e+00 0.000000000000000000e+00
0.000000000000000000e+00 0.000000000000000000e+00
0.000000000000000000e+00 0.000000000000000000e+00
0.000000000000000000e+00 0.000000000000000000e+00
1.000000000000000000e+00 5.010669992929442742e+02
1.000000000000000000e+00 5.010669992929442742e+02
0.000000000000000000e+00 0.000000000000000000e+00
0.000000000000000000e+00 0.000000000000000000e+00
0.000000000000000000e+00 0.000000000000000000e+00
0.000000000000000000e+00 0.000000000000000000e+00
0.000000000000000000e+00 0.000000000000000000e+00
0.000000000000000000e+00 0.000000000000000000e+00
0.000000000000000000e+00 0.000000000000000000e+00
0.000000000000000000e+00 0.000000000000000000e+00
0.000000000000000000e+00 0.000000000000000000e+00
0.000000000000000000e+00 0.000000000000000000e+00
1.000000000000000000e+00 5.232511306011972465e+02
1.000000000000000000e+00 5.232511306011972465e+02
1.000000000000000000e+00 5.232511306011972465e+02
1.000000000000000000e+00 5.232511306011972465e+02
1.000000000000000000e+00 5.308619935522295918e+02
1.000000000000000000e+00 5.232511306011972465e+02
1.000000000000000000e+00 5.232511306011972465e+02
1.000000000000000000e+00 5.232511306011972465e+02
1.000000000000000000e+00 5.232511306011972465e+02
1.000000000000000000e+00 5.232511306011972465e+02
1.000000000000000000e+00 5.232511306011972465e+02
1.000000000000000000e+00 5.232511306011972465e+02
1.000000000000000000e+00 5.232511306011972465e+02
1.000000000000000000e+00 5.232511306011972465e+02
1.000000000000000000e+00 5.232511306011972465e+02
1.000000000000000000e+00 5.232511306011972465e+02
1.000000000000000000e+00 5.232511306011972465e+02
1.000000000000000000e+00 5.232511306011972465e+02
1.000000000000000000e+00 5.232511306011972465e+02
0.000000000000000000e+00 0.000000000000000000e+00
0.000000000000000000e+00 0.000000000000000000e+00
0.000000000000000000e+00 0.000000000000000000e+00
0.000000000000000000e+00 0.000000000000000000e+00
0.000000000000000000e+00 0.000000000000000000e+00
0.000000000000000000e+00 0.000000000000000000e+00
0.000000000000000000e+00 0.000000000000000000e+00
0.000000000000000000e+00 0.000000000000000000e+00
0.000000000000000000e+00 0.000000000000000000e+00
0.000000000000000000e+00 0.000000000000000000e+00
0.000000000000000000e+00 0.000000000000000000e+00
0.000000000000000000e+00 0.000000000000000000e+00
0.000000000000000000e+00 0.000000000000000000e+00
0.000000000000000000e+00 0.000000000000000000e+00
0.000000000000000000e+00 0.000000000000000000e+00
0.000000000000000000e+00 0.000000000000000000e+00
0.000000000000000000e+00 0.000000000000000000e+00
1.000000000000000000e+00 1.199558505931783401e+02
1.000000000000000000e+00 1.199558505931783401e+02
1.000000000000000000e+00 1.199558505931783401e+02
1.000000000000000000e+00 1.199558505931783401e+02
1.000000000000000000e+00 1.217006486177716482e+02
1.000000000000000000e+00 1.252667498232360686e+02
1.000000000000000000e+00 1.270887966559500200e+02
1.000000000000000000e+00 1.289373457701176733e+02
1.000000000000000000e+00 1.308127826502993116e+02
1.000000000000000000e+00 1.327154983880573980e+02
1.000000000000000000e+00 1.327154983880573980e+02
1.000000000000000000e+00 1.308127826502993116e+02
1.000000000000000000e+00 1.289373457701176733e+02
1.000000000000000000e+00 1.289373457701176733e+02
1.000000000000000000e+00 1.308127826502993116e+02
0.000000000000000000e+00 0.000000000000000000e+00
0.000000000000000000e+00 0.000000000000000000e+00
0.000000000000000000e+00 0.000000000000000000e+00
0.000000000000000000e+00 0.000000000000000000e+00
0.000000000000000000e+00 0.000000000000000000e+00
0.000000000000000000e+00 0.000000000000000000e+00
0.000000000000000000e+00 0.000000000000000000e+00
1.000000000000000000e+00 2.137370270537932981e+02
1.000000000000000000e+00 2.137370270537932981e+02
1.000000000000000000e+00 2.137370270537932981e+02
1.000000000000000000e+00 2.137370270537932981e+02
1.000000000000000000e+00 2.137370270537932981e+02
1.000000000000000000e+00 2.137370270537932981e+02
1.000000000000000000e+00 2.168459037008412622e+02
1.000000000000000000e+00 2.168459037008412622e+02
1.000000000000000000e+00 2.200000000000000000e+02
1.000000000000000000e+00 2.200000000000000000e+02
1.000000000000000000e+00 2.200000000000000000e+02
1.000000000000000000e+00 2.168459037008412622e+02
1.000000000000000000e+00 2.137370270537932981e+02
1.000000000000000000e+00 2.137370270537932981e+02
1.000000000000000000e+00 2.106727217536862042e+02
1.000000000000000000e+00 2.106727217536862042e+02
1.000000000000000000e+00 2.106727217536862042e+02
1.000000000000000000e+00 2.137370270537932981e+02
1.000000000000000000e+00 2.200000000000000000e+02
1.000000000000000000e+00 2.231999736862552197e+02
1.000000000000000000e+00 2.264464920615682502e+02
1.000000000000000000e+00 2.231999736862552197e+02
1.000000000000000000e+00 2.200000000000000000e+02
1.000000000000000000e+00 2.137370270537932981e+02
1.000000000000000000e+00 2.106727217536862042e+02
1.000000000000000000e+00 2.076523487899725637e+02
1.000000000000000000e+00 2.076523487899725637e+02
1.000000000000000000e+00 2.046752783134722335e+02
0.000000000000000000e+00 0.000000000000000000e+00
0.000000000000000000e+00 0.000000000000000000e+00
0.000000000000000000e+00 0.000000000000000000e+00
0.000000000000000000e+00 0.000000000000000000e+00
0.000000000000000000e+00 0.000000000000000000e+00
0.000000000000000000e+00 0.000000000000000000e+00
0.000000000000000000e+00 0.000000000000000000e+00
0.000000000000000000e+00 0.000000000000000000e+00
0.000000000000000000e+00 0.000000000000000000e+00
0.000000000000000000e+00 0.000000000000000000e+00
1.000000000000000000e+00 1.771539365144179783e+02
1.000000000000000000e+00 1.771539365144179783e+02
1.000000000000000000e+00 1.771539365144179783e+02
1.000000000000000000e+00 1.746141157165019422e+02
1.000000000000000000e+00 1.746141157165019422e+02
0.000000000000000000e+00 0.000000000000000000e+00
0.000000000000000000e+00 0.000000000000000000e+00
0.000000000000000000e+00 0.000000000000000000e+00
0.000000000000000000e+00 0.000000000000000000e+00
0.000000000000000000e+00 0.000000000000000000e+00
0.000000000000000000e+00 0.000000000000000000e+00
0.000000000000000000e+00 0.000000000000000000e+00
0.000000000000000000e+00 0.000000000000000000e+00
0.000000000000000000e+00 0.000000000000000000e+00
1.000000000000000000e+00 5.157493830804706931e+02
0.000000000000000000e+00 0.000000000000000000e+00
1.000000000000000000e+00 1.771539365144179783e+02
1.000000000000000000e+00 5.543652619537441524e+02
1.000000000000000000e+00 5.543652619537441524e+02
1.000000000000000000e+00 1.904180434213514843e+02
1.000000000000000000e+00 1.904180434213514843e+02
1.000000000000000000e+00 1.904180434213514843e+02
1.000000000000000000e+00 1.904180434213514843e+02
1.000000000000000000e+00 1.904180434213514843e+02
1.000000000000000000e+00 1.904180434213514843e+02
1.000000000000000000e+00 1.904180434213514843e+02
1.000000000000000000e+00 1.904180434213514843e+02
1.000000000000000000e+00 1.931877376410629381e+02
1.000000000000000000e+00 1.931877376410629381e+02
1.000000000000000000e+00 1.931877376410629381e+02
1.000000000000000000e+00 1.959977179908746336e+02
1.000000000000000000e+00 1.959977179908746336e+02
1.000000000000000000e+00 1.959977179908746336e+02
1.000000000000000000e+00 1.959977179908746336e+02
1.000000000000000000e+00 1.959977179908746336e+02
1.000000000000000000e+00 1.959977179908746336e+02
1.000000000000000000e+00 1.959977179908746336e+02
1.000000000000000000e+00 1.988485704460422312e+02
1.000000000000000000e+00 2.046752783134722335e+02
1.000000000000000000e+00 2.106727217536862042e+02
1.000000000000000000e+00 2.137370270537932981e+02
1.000000000000000000e+00 2.137370270537932981e+02
1.000000000000000000e+00 2.137370270537932981e+02
1.000000000000000000e+00 2.137370270537932981e+02
1.000000000000000000e+00 6.404874004505624043e+02
1.000000000000000000e+00 6.404874004505624043e+02
0.000000000000000000e+00 0.000000000000000000e+00
0.000000000000000000e+00 0.000000000000000000e+00
0.000000000000000000e+00 0.000000000000000000e+00
1.000000000000000000e+00 2.297402321340310323e+02
1.000000000000000000e+00 2.330818807590449637e+02
1.000000000000000000e+00 2.330818807590449637e+02
1.000000000000000000e+00 2.297402321340310323e+02
1.000000000000000000e+00 2.264464920615682502e+02
1.000000000000000000e+00 2.200000000000000000e+02
0.000000000000000000e+00 0.000000000000000000e+00
0.000000000000000000e+00 0.000000000000000000e+00
0.000000000000000000e+00 0.000000000000000000e+00
0.000000000000000000e+00 0.000000000000000000e+00
0.000000000000000000e+00 0.000000000000000000e+00
0.000000000000000000e+00 0.000000000000000000e+00
0.000000000000000000e+00 0.000000000000000000e+00
0.000000000000000000e+00 0.000000000000000000e+00
0.000000000000000000e+00 0.000000000000000000e+00
0.000000000000000000e+00 0.000000000000000000e+00
0.000000000000000000e+00 0.000000000000000000e+00
0.000000000000000000e+00 0.000000000000000000e+00
0.000000000000000000e+00 0.000000000000000000e+00
1.000000000000000000e+00 1.959977179908746336e+02
1.000000000000000000e+00 1.959977179908746336e+02
1.000000000000000000e+00 1.959977179908746336e+02
1.000000000000000000e+00 1.959977179908746336e+02
1.000000000000000000e+00 1.959977179908746336e+02
1.000000000000000000e+00 1.988485704460422312e+02
1.000000000000000000e+00 1.988485704460422312e+02
1.000000000000000000e+00 2.046752783134722335e+02
1.000000000000000000e+00 2.106727217536862042e+02
1.000000000000000000e+00 2.137370270537932981e+02
1.000000000000000000e+00 2.200000000000000000e+02
1.000000000000000000e+00 2.200000000000000000e+02
1.000000000000000000e+00 2.200000000000000000e+02
1.000000000000000000e+00 2.168459037008412622e+02
1.000000000000000000e+00 2.168459037008412622e+02
1.000000000000000000e+00 2.168459037008412622e+02
1.000000000000000000e+00 2.168459037008412622e+02
1.000000000000000000e+00 2.200000000000000000e+02
1.000000000000000000e+00 2.200000000000000000e+02
1.000000000000000000e+00 2.231999736862552197e+02
1.000000000000000000e+00 2.231999736862552197e+02
1.000000000000000000e+00 2.231999736862552197e+02
1.000000000000000000e+00 2.200000000000000000e+02
1.000000000000000000e+00 2.168459037008412622e+02
1.000000000000000000e+00 2.076523487899725637e+02
1.000000000000000000e+00 2.076523487899725637e+02
0.000000000000000000e+00 0.000000000000000000e+00
1.000000000000000000e+00 2.231999736862552197e+02
1.000000000000000000e+00 2.231999736862552197e+02
0.000000000000000000e+00 0.000000000000000000e+00
1.000000000000000000e+00 2.469416506280620638e+02
0.000000000000000000e+00 0.000000000000000000e+00
0.000000000000000000e+00 0.000000000000000000e+00
0.000000000000000000e+00 0.000000000000000000e+00
0.000000000000000000e+00 0.000000000000000000e+00
0.000000000000000000e+00 0.000000000000000000e+00
0.000000000000000000e+00 0.000000000000000000e+00
0.000000000000000000e+00 0.000000000000000000e+00
0.000000000000000000e+00 0.000000000000000000e+00
0.000000000000000000e+00 0.000000000000000000e+00
0.000000000000000000e+00 0.000000000000000000e+00
0.000000000000000000e+00 0.000000000000000000e+00
0.000000000000000000e+00 0.000000000000000000e+00
0.000000000000000000e+00 0.000000000000000000e+00
0.000000000000000000e+00 0.000000000000000000e+00
0.000000000000000000e+00 0.000000000000000000e+00
0.000000000000000000e+00 0.000000000000000000e+00
0.000000000000000000e+00 0.000000000000000000e+00
0.000000000000000000e+00 0.000000000000000000e+00
0.000000000000000000e+00 0.000000000000000000e+00
0.000000000000000000e+00 0.000000000000000000e+00
0.000000000000000000e+00 0.000000000000000000e+00
0.000000000000000000e+00 0.000000000000000000e+00
0.000000000000000000e+00 0.000000000000000000e+00
0.000000000000000000e+00 0.000000000000000000e+00
0.000000000000000000e+00 0.000000000000000000e+00
0.000000000000000000e+00 0.000000000000000000e+00
0.000000000000000000e+00 0.000000000000000000e+00
0.000000000000000000e+00 0.000000000000000000e+00
0.000000000000000000e+00 0.000000000000000000e+00
0.000000000000000000e+00 0.000000000000000000e+00
0.000000000000000000e+00 0.000000000000000000e+00
1.000000000000000000e+00 3.344221001328052694e+02
1.000000000000000000e+00 3.344221001328052694e+02
1.000000000000000000e+00 3.344221001328052694e+02
1.000000000000000000e+00 3.344221001328052694e+02
1.000000000000000000e+00 3.344221001328052694e+02
1.000000000000000000e+00 3.344221001328052694e+02
1.000000000000000000e+00 3.344221001328052694e+02
1.000000000000000000e+00 3.344221001328052694e+02
1.000000000000000000e+00 3.344221001328052694e+02
0.000000000000000000e+00 0.000000000000000000e+00
0.000000000000000000e+00 0.000000000000000000e+00
0.000000000000000000e+00 0.000000000000000000e+00
0.000000000000000000e+00 0.000000000000000000e+00
0.000000000000000000e+00 0.000000000000000000e+00
0.000000000000000000e+00 0.000000000000000000e+00
0.000000000000000000e+00 0.000000000000000000e+00
0.000000000000000000e+00 0.000000000000000000e+00
0.000000000000000000e+00 0.000000000000000000e+00
0.000000000000000000e+00 0.000000000000000000e+00
0.000000000000000000e+00 0.000000000000000000e+00
0.000000000000000000e+00 0.000000000000000000e+00
0.000000000000000000e+00 0.000000000000000000e+00
0.000000000000000000e+00 0.000000000000000000e+00
0.000000000000000000e+00 0.000000000000000000e+00
0.000000000000000000e+00 0.000000000000000000e+00
0.000000000000000000e+00 0.000000000000000000e+00
0.000000000000000000e+00 0.000000000000000000e+00
0.000000000000000000e+00 0.000000000000000000e+00
0.000000000000000000e+00 0.000000000000000000e+00
0.000000000000000000e+00 0.000000000000000000e+00
0.000000000000000000e+00 0.000000000000000000e+00
0.000000000000000000e+00 0.000000000000000000e+00
0.000000000000000000e+00 0.000000000000000000e+00
0.000000000000000000e+00 0.000000000000000000e+00
1.000000000000000000e+00 3.492282314330038844e+02
1.000000000000000000e+00 3.492282314330038844e+02
1.000000000000000000e+00 3.492282314330038844e+02
1.000000000000000000e+00 3.492282314330038844e+02
1.000000000000000000e+00 3.492282314330038844e+02
1.000000000000000000e+00 3.492282314330038844e+02
1.000000000000000000e+00 3.492282314330038844e+02
1.000000000000000000e+00 3.492282314330038844e+02
1.000000000000000000e+00 3.492282314330038844e+02
1.000000000000000000e+00 3.492282314330038844e+02
1.000000000000000000e+00 3.442214156497103090e+02
1.000000000000000000e+00 3.442214156497103090e+02
1.000000000000000000e+00 3.442214156497103090e+02
1.000000000000000000e+00 3.492282314330038844e+02
1.000000000000000000e+00 3.492282314330038844e+02
1.000000000000000000e+00 3.492282314330038844e+02
1.000000000000000000e+00 3.492282314330038844e+02
0.000000000000000000e+00 0.000000000000000000e+00
0.000000000000000000e+00 0.000000000000000000e+00
0.000000000000000000e+00 0.000000000000000000e+00
0.000000000000000000e+00 0.000000000000000000e+00
0.000000000000000000e+00 0.000000000000000000e+00
0.000000000000000000e+00 0.000000000000000000e+00
0.000000000000000000e+00 0.000000000000000000e+00
0.000000000000000000e+00 0.000000000000000000e+00
0.000000000000000000e+00 0.000000000000000000e+00
0.000000000000000000e+00 0.000000000000000000e+00
0.000000000000000000e+00 0.000000000000000000e+00
0.000000000000000000e+00 0.000000000000000000e+00
0.000000000000000000e+00 0.000000000000000000e+00
0.000000000000000000e+00 0.000000000000000000e+00
0.000000000000000000e+00 0.000000000000000000e+00
0.000000000000000000e+00 0.000000000000000000e+00
0.000000000000000000e+00 0.000000000000000000e+00
0.000000000000000000e+00 0.000000000000000000e+00
0.000000000000000000e+00 0.000000000000000000e+00
0.000000000000000000e+00 0.000000000000000000e+00
0.000000000000000000e+00 0.000000000000000000e+00
1.000000000000000000e+00 5.873295358348151467e+02
1.000000000000000000e+00 5.873295358348151467e+02
1.000000000000000000e+00 5.873295358348151467e+02
1.000000000000000000e+00 5.873295358348151467e+02
0.000000000000000000e+00 0.000000000000000000e+00
0.000000000000000000e+00 0.000000000000000000e+00
0.000000000000000000e+00 0.000000000000000000e+00
0.000000000000000000e+00 0.000000000000000000e+00
0.000000000000000000e+00 0.000000000000000000e+00
0.000000000000000000e+00 0.000000000000000000e+00
0.000000000000000000e+00 0.000000000000000000e+00
0.000000000000000000e+00 0.000000000000000000e+00
0.000000000000000000e+00 0.000000000000000000e+00
0.000000000000000000e+00 0.000000000000000000e+00
0.000000000000000000e+00 0.000000000000000000e+00
0.000000000000000000e+00 0.000000000000000000e+00
0.000000000000000000e+00 0.000000000000000000e+00
0.000000000000000000e+00 0.000000000000000000e+00
0.000000000000000000e+00 0.000000000000000000e+00
1.000000000000000000e+00 1.084229518504206169e+02
1.000000000000000000e+00 1.084229518504206169e+02
1.000000000000000000e+00 1.084229518504206169e+02
1.000000000000000000e+00 1.100000000000000000e+02
1.000000000000000000e+00 1.100000000000000000e+02
0.000000000000000000e+00 0.000000000000000000e+00
0.000000000000000000e+00 0.000000000000000000e+00
0.000000000000000000e+00 0.000000000000000000e+00
0.000000000000000000e+00 0.000000000000000000e+00
0.000000000000000000e+00 0.000000000000000000e+00
0.000000000000000000e+00 0.000000000000000000e+00
0.000000000000000000e+00 0.000000000000000000e+00
0.000000000000000000e+00 0.000000000000000000e+00
0.000000000000000000e+00 0.000000000000000000e+00
1.000000000000000000e+00 2.399117011863566802e+02
0.000000000000000000e+00 0.000000000000000000e+00
0.000000000000000000e+00 0.000000000000000000e+00
0.000000000000000000e+00 0.000000000000000000e+00
1.000000000000000000e+00 2.541775933119000399e+02
1.000000000000000000e+00 2.541775933119000399e+02
1.000000000000000000e+00 2.578746915402352897e+02
1.000000000000000000e+00 2.541775933119000399e+02
1.000000000000000000e+00 2.541775933119000399e+02
1.000000000000000000e+00 2.505334996464721371e+02
1.000000000000000000e+00 2.505334996464721371e+02
1.000000000000000000e+00 2.541775933119000399e+02
1.000000000000000000e+00 2.578746915402352897e+02
1.000000000000000000e+00 2.616255653005986233e+02
1.000000000000000000e+00 2.616255653005986233e+02
1.000000000000000000e+00 2.616255653005986233e+02
1.000000000000000000e+00 2.616255653005986233e+02
1.000000000000000000e+00 2.616255653005986233e+02
1.000000000000000000e+00 2.616255653005986233e+02
1.000000000000000000e+00 2.578746915402352897e+02
1.000000000000000000e+00 2.578746915402352897e+02
1.000000000000000000e+00 2.578746915402352897e+02
1.000000000000000000e+00 2.578746915402352897e+02
1.000000000000000000e+00 2.616255653005986233e+02
1.000000000000000000e+00 2.616255653005986233e+02
1.000000000000000000e+00 2.616255653005986233e+02
1.000000000000000000e+00 2.616255653005986233e+02
1.000000000000000000e+00 2.616255653005986233e+02
1.000000000000000000e+00 2.578746915402352897e+02
1.000000000000000000e+00 2.578746915402352897e+02
0.000000000000000000e+00 0.000000000000000000e+00
0.000000000000000000e+00 0.000000000000000000e+00
0.000000000000000000e+00 0.000000000000000000e+00
0.000000000000000000e+00 0.000000000000000000e+00
0.000000000000000000e+00 0.000000000000000000e+00
0.000000000000000000e+00 0.000000000000000000e+00
0.000000000000000000e+00 0.000000000000000000e+00
0.000000000000000000e+00 0.000000000000000000e+00
1.000000000000000000e+00 2.330818807590449637e+02
1.000000000000000000e+00 2.364721347825532121e+02
1.000000000000000000e+00 2.364721347825532121e+02
1.000000000000000000e+00 2.364721347825532121e+02
1.000000000000000000e+00 2.330818807590449637e+02
1.000000000000000000e+00 2.330818807590449637e+02
1.000000000000000000e+00 2.330818807590449637e+02
1.000000000000000000e+00 2.330818807590449637e+02
0.000000000000000000e+00 0.000000000000000000e+00
0.000000000000000000e+00 0.000000000000000000e+00
0.000000000000000000e+00 0.000000000000000000e+00
0.000000000000000000e+00 0.000000000000000000e+00
0.000000000000000000e+00 0.000000000000000000e+00
0.000000000000000000e+00 0.000000000000000000e+00
0.000000000000000000e+00 0.000000000000000000e+00
0.000000000000000000e+00 0.000000000000000000e+00
0.000000000000000000e+00 0.000000000000000000e+00
0.000000000000000000e+00 0.000000000000000000e+00
1.000000000000000000e+00 2.076523487899725637e+02
1.000000000000000000e+00 2.106727217536862042e+02
1.000000000000000000e+00 2.137370270537932981e+02
1.000000000000000000e+00 2.200000000000000000e+02
1.000000000000000000e+00 2.200000000000000000e+02
1.000000000000000000e+00 2.200000000000000000e+02
1.000000000000000000e+00 2.200000000000000000e+02
1.000000000000000000e+00 2.200000000000000000e+02
1.000000000000000000e+00 2.200000000000000000e+02
1.000000000000000000e+00 2.200000000000000000e+02
1.000000000000000000e+00 2.200000000000000000e+02
1.000000000000000000e+00 2.200000000000000000e+02
1.000000000000000000e+00 2.200000000000000000e+02
1.000000000000000000e+00 2.200000000000000000e+02
1.000000000000000000e+00 2.200000000000000000e+02
0.000000000000000000e+00 0.000000000000000000e+00
0.000000000000000000e+00 0.000000000000000000e+00
1.000000000000000000e+00 1.959977179908746336e+02
1.000000000000000000e+00 1.959977179908746336e+02
1.000000000000000000e+00 1.959977179908746336e+02
1.000000000000000000e+00 1.959977179908746336e+02
1.000000000000000000e+00 1.959977179908746336e+02
0.000000000000000000e+00 0.000000000000000000e+00
0.000000000000000000e+00 0.000000000000000000e+00
0.000000000000000000e+00 0.000000000000000000e+00
0.000000000000000000e+00 0.000000000000000000e+00
0.000000000000000000e+00 0.000000000000000000e+00
0.000000000000000000e+00 0.000000000000000000e+00
0.000000000000000000e+00 0.000000000000000000e+00
0.000000000000000000e+00 0.000000000000000000e+00
0.000000000000000000e+00 0.000000000000000000e+00
0.000000000000000000e+00 0.000000000000000000e+00
0.000000000000000000e+00 0.000000000000000000e+00
0.000000000000000000e+00 0.000000000000000000e+00
1.000000000000000000e+00 1.489681101630581850e+02
1.000000000000000000e+00 1.489681101630581850e+02
0.000000000000000000e+00 0.000000000000000000e+00
0.000000000000000000e+00 0.000000000000000000e+00
1.000000000000000000e+00 3.646898861689792284e+02
1.000000000000000000e+00 3.646898861689792284e+02
1.000000000000000000e+00 3.646898861689792284e+02
0.000000000000000000e+00 0.000000000000000000e+00
0.000000000000000000e+00 0.000000000000000000e+00
0.000000000000000000e+00 0.000000000000000000e+00
0.000000000000000000e+00 0.000000000000000000e+00
0.000000000000000000e+00 0.000000000000000000e+00
0.000000000000000000e+00 0.000000000000000000e+00
0.000000000000000000e+00 0.000000000000000000e+00
0.000000000000000000e+00 0.000000000000000000e+00
0.000000000000000000e+00 0.000000000000000000e+00
0.000000000000000000e+00 0.000000000000000000e+00
0.000000000000000000e+00 0.000000000000000000e+00
0.000000000000000000e+00 0.000000000000000000e+00
0.000000000000000000e+00 0.000000000000000000e+00
0.000000000000000000e+00 0.000000000000000000e+00
0.000000000000000000e+00 0.000000000000000000e+00
0.000000000000000000e+00 0.000000000000000000e+00
0.000000000000000000e+00 0.000000000000000000e+00
0.000000000000000000e+00 0.000000000000000000e+00
0.000000000000000000e+00 0.000000000000000000e+00
0.000000000000000000e+00 0.000000000000000000e+00
0.000000000000000000e+00 0.000000000000000000e+00
0.000000000000000000e+00 0.000000000000000000e+00
0.000000000000000000e+00 0.000000000000000000e+00
0.000000000000000000e+00 0.000000000000000000e+00
0.000000000000000000e+00 0.000000000000000000e+00
0.000000000000000000e+00 0.000000000000000000e+00
0.000000000000000000e+00 0.000000000000000000e+00
1.000000000000000000e+00 1.511349012203897928e+02
1.000000000000000000e+00 1.511349012203897928e+02
1.000000000000000000e+00 1.489681101630581850e+02
1.000000000000000000e+00 1.489681101630581850e+02
1.000000000000000000e+00 1.489681101630581850e+02
1.000000000000000000e+00 1.489681101630581850e+02
1.000000000000000000e+00 1.489681101630581850e+02
1.000000000000000000e+00 1.511349012203897928e+02
1.000000000000000000e+00 1.511349012203897928e+02
1.000000000000000000e+00 1.511349012203897928e+02
0.000000000000000000e+00 0.000000000000000000e+00
0.000000000000000000e+00 0.000000000000000000e+00
0.000000000000000000e+00 0.000000000000000000e+00
0.000000000000000000e+00 0.000000000000000000e+00
1.000000000000000000e+00 1.648137784564349602e+02
1.000000000000000000e+00 1.624508760533449276e+02
1.000000000000000000e+00 1.601218501126406295e+02
1.000000000000000000e+00 1.624508760533449276e+02
0.000000000000000000e+00 0.000000000000000000e+00
1.000000000000000000e+00 1.797306998565209710e+02
1.000000000000000000e+00 1.904180434213514843e+02
1.000000000000000000e+00 2.017408895050276669e+02
1.000000000000000000e+00 2.137370270537932981e+02
1.000000000000000000e+00 2.231999736862552197e+02
1.000000000000000000e+00 2.264464920615682502e+02
1.000000000000000000e+00 2.297402321340310323e+02
1.000000000000000000e+00 2.297402321340310323e+02
1.000000000000000000e+00 2.297402321340310323e+02
1.000000000000000000e+00 2.297402321340310323e+02
1.000000000000000000e+00 2.297402321340310323e+02
1.000000000000000000e+00 2.297402321340310323e+02
1.000000000000000000e+00 2.330818807590449637e+02
1.000000000000000000e+00 2.330818807590449637e+02
0.000000000000000000e+00 0.000000000000000000e+00
0.000000000000000000e+00 0.000000000000000000e+00
0.000000000000000000e+00 0.000000000000000000e+00
0.000000000000000000e+00 0.000000000000000000e+00
0.000000000000000000e+00 0.000000000000000000e+00
0.000000000000000000e+00 0.000000000000000000e+00
0.000000000000000000e+00 0.000000000000000000e+00
1.000000000000000000e+00 2.200000000000000000e+02
1.000000000000000000e+00 2.200000000000000000e+02
1.000000000000000000e+00 2.231999736862552197e+02
1.000000000000000000e+00 2.264464920615682502e+02
1.000000000000000000e+00 2.264464920615682502e+02
1.000000000000000000e+00 2.231999736862552197e+02
1.000000000000000000e+00 2.231999736862552197e+02
1.000000000000000000e+00 2.264464920615682502e+02
1.000000000000000000e+00 2.297402321340310323e+02
1.000000000000000000e+00 2.297402321340310323e+02
1.000000000000000000e+00 2.297402321340310323e+02
1.000000000000000000e+00 2.297402321340310323e+02
1.000000000000000000e+00 2.297402321340310323e+02
1.000000000000000000e+00 2.330818807590449637e+02
1.000000000000000000e+00 2.330818807590449637e+02
1.000000000000000000e+00 2.330818807590449637e+02
1.000000000000000000e+00 2.330818807590449637e+02
1.000000000000000000e+00 2.200000000000000000e+02
1.000000000000000000e+00 2.200000000000000000e+02
1.000000000000000000e+00 2.231999736862552197e+02
1.000000000000000000e+00 2.297402321340310323e+02
1.000000000000000000e+00 2.330818807590449637e+02
1.000000000000000000e+00 2.330818807590449637e+02
1.000000000000000000e+00 2.264464920615682502e+02
1.000000000000000000e+00 2.200000000000000000e+02
1.000000000000000000e+00 2.200000000000000000e+02
1.000000000000000000e+00 2.231999736862552197e+02
0.000000000000000000e+00 0.000000000000000000e+00
0.000000000000000000e+00 0.000000000000000000e+00
0.000000000000000000e+00 0.000000000000000000e+00
0.000000000000000000e+00 0.000000000000000000e+00
0.000000000000000000e+00 0.000000000000000000e+00
0.000000000000000000e+00 0.000000000000000000e+00
1.000000000000000000e+00 1.959977179908746336e+02
1.000000000000000000e+00 1.959977179908746336e+02
1.000000000000000000e+00 1.959977179908746336e+02
1.000000000000000000e+00 1.959977179908746336e+02
1.000000000000000000e+00 1.959977179908746336e+02
1.000000000000000000e+00 1.959977179908746336e+02
1.000000000000000000e+00 1.959977179908746336e+02
1.000000000000000000e+00 1.931877376410629381e+02
1.000000000000000000e+00 1.931877376410629381e+02
1.000000000000000000e+00 1.931877376410629381e+02
1.000000000000000000e+00 1.931877376410629381e+02
1.000000000000000000e+00 1.931877376410629381e+02
1.000000000000000000e+00 1.904180434213514843e+02
0.000000000000000000e+00 0.000000000000000000e+00
0.000000000000000000e+00 0.000000000000000000e+00
0.000000000000000000e+00 0.000000000000000000e+00
0.000000000000000000e+00 0.000000000000000000e+00
0.000000000000000000e+00 0.000000000000000000e+00
0.000000000000000000e+00 0.000000000000000000e+00
0.000000000000000000e+00 0.000000000000000000e+00
1.000000000000000000e+00 1.696431907948734761e+02
1.000000000000000000e+00 1.696431907948734761e+02
1.000000000000000000e+00 1.696431907948734761e+02
1.000000000000000000e+00 1.696431907948734761e+02
0.000000000000000000e+00 0.000000000000000000e+00
0.000000000000000000e+00 0.000000000000000000e+00
0.000000000000000000e+00 0.000000000000000000e+00
0.000000000000000000e+00 0.000000000000000000e+00
1.000000000000000000e+00 1.672110500664026347e+02
0.000000000000000000e+00 0.000000000000000000e+00
0.000000000000000000e+00 0.000000000000000000e+00
0.000000000000000000e+00 0.000000000000000000e+00
0.000000000000000000e+00 0.000000000000000000e+00
0.000000000000000000e+00 0.000000000000000000e+00
0.000000000000000000e+00 0.000000000000000000e+00
0.000000000000000000e+00 0.000000000000000000e+00
0.000000000000000000e+00 0.000000000000000000e+00
0.000000000000000000e+00 0.000000000000000000e+00
0.000000000000000000e+00 0.000000000000000000e+00
0.000000000000000000e+00 0.000000000000000000e+00
0.000000000000000000e+00 0.000000000000000000e+00
0.000000000000000000e+00 0.000000000000000000e+00
0.000000000000000000e+00 0.000000000000000000e+00
0.000000000000000000e+00 0.000000000000000000e+00
0.000000000000000000e+00 0.000000000000000000e+00
0.000000000000000000e+00 0.000000000000000000e+00
0.000000000000000000e+00 0.000000000000000000e+00
0.000000000000000000e+00 0.000000000000000000e+00
0.000000000000000000e+00 0.000000000000000000e+00
0.000000000000000000e+00 0.000000000000000000e+00
0.000000000000000000e+00 0.000000000000000000e+00
0.000000000000000000e+00 0.000000000000000000e+00
0.000000000000000000e+00 0.000000000000000000e+00
0.000000000000000000e+00 0.000000000000000000e+00
0.000000000000000000e+00 0.000000000000000000e+00
0.000000000000000000e+00 0.000000000000000000e+00
0.000000000000000000e+00 0.000000000000000000e+00
1.000000000000000000e+00 1.148701160670155161e+02
1.000000000000000000e+00 1.148701160670155161e+02
1.000000000000000000e+00 1.148701160670155161e+02
1.000000000000000000e+00 1.148701160670155161e+02
1.000000000000000000e+00 1.165409403795224819e+02
1.000000000000000000e+00 1.199558505931783401e+02
1.000000000000000000e+00 1.234708253140310319e+02
1.000000000000000000e+00 1.252667498232360686e+02
1.000000000000000000e+00 1.270887966559500200e+02
1.000000000000000000e+00 1.270887966559500200e+02
1.000000000000000000e+00 1.270887966559500200e+02
1.000000000000000000e+00 1.289373457701176733e+02
1.000000000000000000e+00 1.308127826502993116e+02
1.000000000000000000e+00 1.308127826502993116e+02
1.000000000000000000e+00 1.308127826502993116e+02
0.000000000000000000e+00 0.000000000000000000e+00
0.000000000000000000e+00 0.000000000000000000e+00
0.000000000000000000e+00 0.000000000000000000e+00
1.000000000000000000e+00 1.327154983880573980e+02
1.000000000000000000e+00 1.327154983880573980e+02
1.000000000000000000e+00 1.308127826502993116e+02
1.000000000000000000e+00 1.308127826502993116e+02
1.000000000000000000e+00 1.289373457701176733e+02
1.000000000000000000e+00 1.289373457701176733e+02
1.000000000000000000e+00 1.289373457701176733e+02
1.000000000000000000e+00 1.289373457701176733e+02
1.000000000000000000e+00 1.289373457701176733e+02
1.000000000000000000e+00 1.289373457701176733e+02
1.000000000000000000e+00 1.289373457701176733e+02
1.000000000000000000e+00 1.308127826502993116e+02
1.000000000000000000e+00 1.308127826502993116e+02
1.000000000000000000e+00 1.327154983880573980e+02
1.000000000000000000e+00 1.308127826502993116e+02
0.000000000000000000e+00 0.000000000000000000e+00
0.000000000000000000e+00 0.000000000000000000e+00
0.000000000000000000e+00 0.000000000000000000e+00
0.000000000000000000e+00 0.000000000000000000e+00
0.000000000000000000e+00 0.000000000000000000e+00
0.000000000000000000e+00 0.000000000000000000e+00
0.000000000000000000e+00 0.000000000000000000e+00
0.000000000000000000e+00 0.000000000000000000e+00
0.000000000000000000e+00 0.000000000000000000e+00
0.000000000000000000e+00 0.000000000000000000e+00
0.000000000000000000e+00 0.000000000000000000e+00
0.000000000000000000e+00 0.000000000000000000e+00
0.000000000000000000e+00 0.000000000000000000e+00
1.000000000000000000e+00 1.746141157165019422e+02
1.000000000000000000e+00 1.746141157165019422e+02
1.000000000000000000e+00 1.746141157165019422e+02
1.000000000000000000e+00 1.771539365144179783e+02
1.000000000000000000e+00 1.771539365144179783e+02
1.000000000000000000e+00 1.771539365144179783e+02
1.000000000000000000e+00 1.771539365144179783e+02
1.000000000000000000e+00 1.746141157165019422e+02
0.000000000000000000e+00 0.000000000000000000e+00
0.000000000000000000e+00 0.000000000000000000e+00
0.000000000000000000e+00 0.000000000000000000e+00
1.000000000000000000e+00 1.797306998565209710e+02
1.000000000000000000e+00 1.823449430844896142e+02
1.000000000000000000e+00 1.823449430844896142e+02
1.000000000000000000e+00 1.823449430844896142e+02
1.000000000000000000e+00 1.823449430844896142e+02
0.000000000000000000e+00 0.000000000000000000e+00
0.000000000000000000e+00 0.000000000000000000e+00
0.000000000000000000e+00 0.000000000000000000e+00
1.000000000000000000e+00 1.555634918610404611e+02
1.000000000000000000e+00 1.555634918610404611e+02
1.000000000000000000e+00 1.578262149542100303e+02
0.000000000000000000e+00 0.000000000000000000e+00
0.000000000000000000e+00 0.000000000000000000e+00
1.000000000000000000e+00 1.771539365144179783e+02
0.000000000000000000e+00 0.000000000000000000e+00
0.000000000000000000e+00 0.000000000000000000e+00
0.000000000000000000e+00 0.000000000000000000e+00
0.000000000000000000e+00 0.000000000000000000e+00
0.000000000000000000e+00 0.000000000000000000e+00
0.000000000000000000e+00 0.000000000000000000e+00
0.000000000000000000e+00 0.000000000000000000e+00
0.000000000000000000e+00 0.000000000000000000e+00
0.000000000000000000e+00 0.000000000000000000e+00
0.000000000000000000e+00 0.000000000000000000e+00
0.000000000000000000e+00 0.000000000000000000e+00
0.000000000000000000e+00 0.000000000000000000e+00
0.000000000000000000e+00 0.000000000000000000e+00
0.000000000000000000e+00 0.000000000000000000e+00
0.000000000000000000e+00 0.000000000000000000e+00
0.000000000000000000e+00 0.000000000000000000e+00
0.000000000000000000e+00 0.000000000000000000e+00
0.000000000000000000e+00 0.000000000000000000e+00
0.000000000000000000e+00 0.000000000000000000e+00
0.000000000000000000e+00 0.000000000000000000e+00
0.000000000000000000e+00 0.000000000000000000e+00
0.000000000000000000e+00 0.000000000000000000e+00
0.000000000000000000e+00 0.000000000000000000e+00
0.000000000000000000e+00 0.000000000000000000e+00
0.000000000000000000e+00 0.000000000000000000e+00
1.000000000000000000e+00 1.555634918610404611e+02
1.000000000000000000e+00 1.578262149542100303e+02
1.000000000000000000e+00 1.624508760533449276e+02
1.000000000000000000e+00 1.624508760533449276e+02
1.000000000000000000e+00 1.624508760533449276e+02
1.000000000000000000e+00 1.601218501126406295e+02
0.000000000000000000e+00 0.000000000000000000e+00
0.000000000000000000e+00 0.000000000000000000e+00
0.000000000000000000e+00 0.000000000000000000e+00
0.000000000000000000e+00 0.000000000000000000e+00
0.000000000000000000e+00 0.000000000000000000e+00
1.000000000000000000e+00 1.672110500664026347e+02
1.000000000000000000e+00 1.696431907948734761e+02
1.000000000000000000e+00 1.721107078248551261e+02
1.000000000000000000e+00 1.746141157165019422e+02
1.000000000000000000e+00 1.746141157165019422e+02
1.000000000000000000e+00 1.721107078248551261e+02
1.000000000000000000e+00 1.721107078248551261e+02
1.000000000000000000e+00 1.721107078248551261e+02
1.000000000000000000e+00 1.721107078248551261e+02
1.000000000000000000e+00 1.721107078248551261e+02
1.000000000000000000e+00 1.721107078248551261e+02
1.000000000000000000e+00 1.721107078248551261e+02
1.000000000000000000e+00 1.721107078248551261e+02
1.000000000000000000e+00 1.721107078248551261e+02
1.000000000000000000e+00 1.746141157165019422e+02
1.000000000000000000e+00 1.771539365144179783e+02
1.000000000000000000e+00 1.823449430844896142e+02
1.000000000000000000e+00 1.904180434213514843e+02
1.000000000000000000e+00 1.931877376410629381e+02
1.000000000000000000e+00 1.959977179908746336e+02
1.000000000000000000e+00 1.959977179908746336e+02
1.000000000000000000e+00 1.931877376410629381e+02
1.000000000000000000e+00 1.876880577574954145e+02
1.000000000000000000e+00 1.849972113558171998e+02
1.000000000000000000e+00 1.797306998565209710e+02
1.000000000000000000e+00 1.746141157165019422e+02
1.000000000000000000e+00 1.696431907948734761e+02
1.000000000000000000e+00 1.672110500664026347e+02
1.000000000000000000e+00 1.648137784564349602e+02
0.000000000000000000e+00 0.000000000000000000e+00
0.000000000000000000e+00 0.000000000000000000e+00
0.000000000000000000e+00 0.000000000000000000e+00
0.000000000000000000e+00 0.000000000000000000e+00
1.000000000000000000e+00 1.648137784564349602e+02
1.000000000000000000e+00 1.648137784564349602e+02
1.000000000000000000e+00 1.648137784564349602e+02
1.000000000000000000e+00 1.648137784564349602e+02
1.000000000000000000e+00 1.648137784564349602e+02
1.000000000000000000e+00 1.648137784564349602e+02
1.000000000000000000e+00 1.648137784564349602e+02
1.000000000000000000e+00 1.648137784564349602e+02
1.000000000000000000e+00 1.648137784564349602e+02
0.000000000000000000e+00 0.000000000000000000e+00
0.000000000000000000e+00 0.000000000000000000e+00
0.000000000000000000e+00 0.000000000000000000e+00
0.000000000000000000e+00 0.000000000000000000e+00
0.000000000000000000e+00 0.000000000000000000e+00
0.000000000000000000e+00 0.000000000000000000e+00
0.000000000000000000e+00 0.000000000000000000e+00
1.000000000000000000e+00 1.696431907948734761e+02
1.000000000000000000e+00 1.721107078248551261e+02
1.000000000000000000e+00 1.721107078248551261e+02
1.000000000000000000e+00 1.746141157165019422e+02
1.000000000000000000e+00 1.746141157165019422e+02
1.000000000000000000e+00 1.746141157165019422e+02
1.000000000000000000e+00 1.746141157165019422e+02
1.000000000000000000e+00 1.721107078248551261e+02
1.000000000000000000e+00 1.721107078248551261e+02
1.000000000000000000e+00 1.721107078248551261e+02
1.000000000000000000e+00 1.721107078248551261e+02
1.000000000000000000e+00 1.746141157165019422e+02
1.000000000000000000e+00 1.746141157165019422e+02
1.000000000000000000e+00 1.746141157165019422e+02
1.000000000000000000e+00 1.771539365144179783e+02
0.000000000000000000e+00 0.000000000000000000e+00
1.000000000000000000e+00 1.672110500664026347e+02
1.000000000000000000e+00 1.648137784564349602e+02
1.000000000000000000e+00 1.648137784564349602e+02
1.000000000000000000e+00 1.672110500664026347e+02
1.000000000000000000e+00 1.746141157165019422e+02
1.000000000000000000e+00 1.746141157165019422e+02
1.000000000000000000e+00 1.771539365144179783e+02
1.000000000000000000e+00 1.746141157165019422e+02
1.000000000000000000e+00 1.746141157165019422e+02
0.000000000000000000e+00 0.000000000000000000e+00
1.000000000000000000e+00 1.672110500664026347e+02
1.000000000000000000e+00 1.672110500664026347e+02
1.000000000000000000e+00 1.672110500664026347e+02
0.000000000000000000e+00 0.000000000000000000e+00
1.000000000000000000e+00 1.746141157165019422e+02
1.000000000000000000e+00 1.746141157165019422e+02
1.000000000000000000e+00 1.746141157165019422e+02
1.000000000000000000e+00 1.746141157165019422e+02
1.000000000000000000e+00 1.771539365144179783e+02
1.000000000000000000e+00 1.771539365144179783e+02
1.000000000000000000e+00 1.746141157165019422e+02
1.000000000000000000e+00 1.746141157165019422e+02
1.000000000000000000e+00 5.308619935522295918e+02
0.000000000000000000e+00 0.000000000000000000e+00
1.000000000000000000e+00 5.308619935522295918e+02
1.000000000000000000e+00 5.308619935522295918e+02
1.000000000000000000e+00 5.308619935522295918e+02
1.000000000000000000e+00 5.308619935522295918e+02
1.000000000000000000e+00 5.308619935522295918e+02
1.000000000000000000e+00 5.308619935522295918e+02
1.000000000000000000e+00 5.308619935522295918e+02
0.000000000000000000e+00 0.000000000000000000e+00
0.000000000000000000e+00 0.000000000000000000e+00
1.000000000000000000e+00 5.010669992929442742e+02
1.000000000000000000e+00 5.010669992929442742e+02
1.000000000000000000e+00 5.010669992929442742e+02
1.000000000000000000e+00 5.010669992929442742e+02
1.000000000000000000e+00 5.010669992929442742e+02
1.000000000000000000e+00 5.010669992929442742e+02
1.000000000000000000e+00 5.010669992929442742e+02
0.000000000000000000e+00 0.000000000000000000e+00
1.000000000000000000e+00 5.157493830804706931e+02
1.000000000000000000e+00 5.232511306011972465e+02
1.000000000000000000e+00 5.232511306011972465e+02
1.000000000000000000e+00 5.308619935522295918e+02
1.000000000000000000e+00 5.308619935522295918e+02
1.000000000000000000e+00 5.308619935522295918e+02
0.000000000000000000e+00 0.000000000000000000e+00
0.000000000000000000e+00 0.000000000000000000e+00
0.000000000000000000e+00 0.000000000000000000e+00
0.000000000000000000e+00 0.000000000000000000e+00
0.000000000000000000e+00 0.000000000000000000e+00
0.000000000000000000e+00 0.000000000000000000e+00
0.000000000000000000e+00 0.000000000000000000e+00
0.000000000000000000e+00 0.000000000000000000e+00
1.000000000000000000e+00 5.308619935522295918e+02
1.000000000000000000e+00 5.308619935522295918e+02
1.000000000000000000e+00 5.308619935522295918e+02
1.000000000000000000e+00 5.308619935522295918e+02
1.000000000000000000e+00 5.232511306011972465e+02
1.000000000000000000e+00 5.232511306011972465e+02
1.000000000000000000e+00 5.232511306011972465e+02
1.000000000000000000e+00 5.232511306011972465e+02
1.000000000000000000e+00 5.308619935522295918e+02
1.000000000000000000e+00 5.232511306011972465e+02
1.000000000000000000e+00 5.232511306011972465e+02
1.000000000000000000e+00 5.232511306011972465e+02
0.000000000000000000e+00 0.000000000000000000e+00
1.000000000000000000e+00 5.010669992929442742e+02
1.000000000000000000e+00 5.010669992929442742e+02
1.000000000000000000e+00 5.010669992929442742e+02
1.000000000000000000e+00 5.010669992929442742e+02
1.000000000000000000e+00 5.010669992929442742e+02
1.000000000000000000e+00 5.010669992929442742e+02
1.000000000000000000e+00 5.010669992929442742e+02
1.000000000000000000e+00 5.010669992929442742e+02
1.000000000000000000e+00 5.010669992929442742e+02
1.000000000000000000e+00 5.010669992929442742e+02
1.000000000000000000e+00 5.157493830804706931e+02
1.000000000000000000e+00 5.157493830804706931e+02
1.000000000000000000e+00 5.232511306011972465e+02
1.000000000000000000e+00 5.232511306011972465e+02
0.000000000000000000e+00 0.000000000000000000e+00
0.000000000000000000e+00 0.000000000000000000e+00
0.000000000000000000e+00 0.000000000000000000e+00
0.000000000000000000e+00 0.000000000000000000e+00
0.000000000000000000e+00 0.000000000000000000e+00
0.000000000000000000e+00 0.000000000000000000e+00
0.000000000000000000e+00 0.000000000000000000e+00
0.000000000000000000e+00 0.000000000000000000e+00
0.000000000000000000e+00 0.000000000000000000e+00
0.000000000000000000e+00 0.000000000000000000e+00
0.000000000000000000e+00 0.000000000000000000e+00
0.000000000000000000e+00 0.000000000000000000e+00
0.000000000000000000e+00 0.000000000000000000e+00
0.000000000000000000e+00 0.000000000000000000e+00
0.000000000000000000e+00 0.000000000000000000e+00
0.000000000000000000e+00 0.000000000000000000e+00
0.000000000000000000e+00 0.000000000000000000e+00
1.000000000000000000e+00 4.213454435073724085e+02
1.000000000000000000e+00 4.213454435073724085e+02
1.000000000000000000e+00 4.213454435073724085e+02
0.000000000000000000e+00 0.000000000000000000e+00
0.000000000000000000e+00 0.000000000000000000e+00
0.000000000000000000e+00 0.000000000000000000e+00
0.000000000000000000e+00 0.000000000000000000e+00
0.000000000000000000e+00 0.000000000000000000e+00
0.000000000000000000e+00 0.000000000000000000e+00
0.000000000000000000e+00 0.000000000000000000e+00
0.000000000000000000e+00 0.000000000000000000e+00
0.000000000000000000e+00 0.000000000000000000e+00
0.000000000000000000e+00 0.000000000000000000e+00
0.000000000000000000e+00 0.000000000000000000e+00
0.000000000000000000e+00 0.000000000000000000e+00
1.000000000000000000e+00 4.463999473725104394e+02
1.000000000000000000e+00 4.463999473725104394e+02
0.000000000000000000e+00 0.000000000000000000e+00
0.000000000000000000e+00 0.000000000000000000e+00
0.000000000000000000e+00 0.000000000000000000e+00
0.000000000000000000e+00 0.000000000000000000e+00
0.000000000000000000e+00 0.000000000000000000e+00
0.000000000000000000e+00 0.000000000000000000e+00
0.000000000000000000e+00 0.000000000000000000e+00
0.000000000000000000e+00 0.000000000000000000e+00
0.000000000000000000e+00 0.000000000000000000e+00
0.000000000000000000e+00 0.000000000000000000e+00
0.000000000000000000e+00 0.000000000000000000e+00
0.000000000000000000e+00 0.000000000000000000e+00
0.000000000000000000e+00 0.000000000000000000e+00
0.000000000000000000e+00 0.000000000000000000e+00
0.000000000000000000e+00 0.000000000000000000e+00
0.000000000000000000e+00 0.000000000000000000e+00
0.000000000000000000e+00 0.000000000000000000e+00
0.000000000000000000e+00 0.000000000000000000e+00
