0.000000000000000000e+00 0.000000000000000000e+00
0.000000000000000000e+00 0.000000000000000000e+00
0.000000000000000000e+00 0.000000000000000000e+00
0.000000000000000000e+00 0.000000000000000000e+00
0.000000000000000000e+00 0.000000000000000000e+00
0.000000000000000000e+00 0.000000000000000000e+00
0.000000000000000000e+00 0.000000000000000000e+00
0.000000000000000000e+00 0.000000000000000000e+00
0.000000000000000000e+00 0.000000000000000000e+00
0.000000000000000000e+00 0.000000000000000000e+00
0.000000000000000000e+00 0.000000000000000000e+00
0.000000000000000000e+00 0.000000000000000000e+00
0.000000000000000000e+00 0.000000000000000000e+00
0.000000000000000000e+00 0.000000000000000000e+00
1.000000000000000000e+00 2.578746915402352897e+02
0.000000000000000000e+00 0.000000000000000000e+00
0.000000000000000000e+00 0.000000000000000000e+00
0.000000000000000000e+00 0.000000000000000000e+00
0.000000000000000000e+00 0.000000000000000000e+00
0.000000000000000000e+00 0.000000000000000000e+00
0.000000000000000000e+00 0.000000000000000000e+00
0.000000000000000000e+00 0.000000000000000000e+00
0.000000000000000000e+00 0.000000000000000000e+00
0.000000000000000000e+00 0.000000000000000000e+00
1.000000000000000000e+00 3.156524299084200607e+02
1.000000000000000000e+00 3.156524299084200607e+02
1.000000000000000000e+00 3.202437002252812590e+02
1.000000000000000000e+00 3.202437002252812590e+02
1.000000000000000000e+00 3.202437002252812590e+02
0.000000000000000000e+00 0.000000000000000000e+00
0.000000000000000000e+00 0.000000000000000000e+00
0.000000000000000000e+00 0.000000000000000000e+00
0.000000000000000000e+00 0.000000000000000000e+00
1.000000000000000000e+00 3.646898861689792284e+02
1.000000000000000000e+00 3.699944227116343995e+02
1.000000000000000000e+00 3.699944227116343995e+02
1.000000000000000000e+00 3.699944227116343995e+02
1.000000000000000000e+00 3.699944227116343995e+02
1.000000000000000000e+00 3.699944227116343995e+02
1.000000000000000000e+00 3.753761155149908291e+02
1.000000000000000000e+00 3.808360868427029686e+02
1.000000000000000000e+00 3.808360868427029686e+02
1.000000000000000000e+00 3.808360868427029686e+02
1.000000000000000000e+00 3.808360868427029686e+02
1.000000000000000000e+00 3.753761155149908291e+02
1.000000000000000000e+00 3.699944227116343995e+02
1.000000000000000000e+00 3.699944227116343995e+02
0.000000000000000000e+00 0.000000000000000000e+00
1.000000000000000000e+00 3.808360868427029686e+02
1.000000000000000000e+00 3.808360868427029686e+02
1.000000000000000000e+00 3.808360868427029686e+02
1.000000000000000000e+00 3.808360868427029686e+02
1.000000000000000000e+00 3.753761155149908291e+02
1.000000000000000000e+00 3.699944227116343995e+02
0.000000000000000000e+00 0.000000000000000000e+00
1.000000000000000000e+00 3.919954359817492673e+02
1.000000000000000000e+00 3.919954359817492673e+02
1.000000000000000000e+00 3.919954359817492673e+02
1.000000000000000000e+00 3.808360868427029686e+02
0.000000000000000000e+00 0.000000000000000000e+00
0.000000000000000000e+00 0.000000000000000000e+00
0.000000000000000000e+00 0.000000000000000000e+00
0.000000000000000000e+00 0.000000000000000000e+00
0.000000000000000000e+00 0.000000000000000000e+00
0.000000000000000000e+00 0.000000000000000000e+00
0.000000000000000000e+00 0.000000000000000000e+00
0.000000000000000000e+00 0.000000000000000000e+00
0.000000000000000000e+00 0.000000000000000000e+00
0.000000000000000000e+00 0.000000000000000000e+00
0.000000000000000000e+00 0.000000000000000000e+00
0.000000000000000000e+00 0.000000000000000000e+00
0.000000000000000000e+00 0.000000000000000000e+00
1.000000000000000000e+00 3.543078730288359566e+02
1.000000000000000000e+00 3.594613997130419421e+02
1.000000000000000000e+00 3.699944227116343995e+02
1.000000000000000000e+00 3.753761155149908291e+02
1.000000000000000000e+00 3.808360868427029686e+02
1.000000000000000000e+00 3.808360868427029686e+02
1.000000000000000000e+00 3.753761155149908291e+02
1.000000000000000000e+00 3.753761155149908291e+02
1.000000000000000000e+00 3.753761155149908291e+02
1.000000000000000000e+00 3.808360868427029686e+02
1.000000000000000000e+00 3.808360868427029686e+02
1.000000000000000000e+00 3.808360868427029686e+02
1.000000000000000000e+00 3.808360868427029686e+02
1.000000000000000000e+00 3.808360868427029686e+02
1.000000000000000000e+00 3.808360868427029686e+02
1.000000000000000000e+00 3.808360868427029686e+02
1.000000000000000000e+00 3.753761155149908291e+02
1.000000000000000000e+00 3.699944227116343995e+02
1.000000000000000000e+00 3.699944227116343995e+02
1.000000000000000000e+00 3.699944227116343995e+02
1.000000000000000000e+00 3.808360868427029686e+02
1.000000000000000000e+00 3.808360868427029686e+02
1.000000000000000000e+00 3.863754752821258762e+02
1.000000000000000000e+00 3.919954359817492673e+02
1.000000000000000000e+00 3.976971408920844624e+02
0.000000000000000000e+00 0.000000000000000000e+00
1.000000000000000000e+00 4.093505566269445239e+02
1.000000000000000000e+00 4.153046975799451275e+02
1.000000000000000000e+00 4.153046975799451275e+02
1.000000000000000000e+00 4.213454435073724085e+02
1.000000000000000000e+00 4.213454435073724085e+02
1.000000000000000000e+00 4.213454435073724085e+02
1.000000000000000000e+00 4.213454435073724085e+02
1.000000000000000000e+00 4.213454435073724085e+02
1.000000000000000000e+00 4.274740541075865963e+02
1.000000000000000000e+00 4.274740541075865963e+02
1.000000000000000000e+00 4.213454435073724085e+02
1.000000000000000000e+00 4.274740541075865963e+02
1.000000000000000000e+00 4.274740541075865963e+02
1.000000000000000000e+00 4.274740541075865963e+02
1.000000000000000000e+00 4.274740541075865963e+02
1.000000000000000000e+00 4.274740541075865963e+02
1.000000000000000000e+00 4.274740541075865963e+02
1.000000000000000000e+00 4.274740541075865963e+02
1.000000000000000000e+00 4.274740541075865963e+02
1.000000000000000000e+00 4.274740541075865963e+02
0.000000000000000000e+00 0.000000000000000000e+00
0.000000000000000000e+00 0.000000000000000000e+00
0.000000000000000000e+00 0.000000000000000000e+00
0.000000000000000000e+00 0.000000000000000000e+00
1.000000000000000000e+00 1.289373457701176733e+02
1.000000000000000000e+00 1.289373457701176733e+02
1.000000000000000000e+00 1.270887966559500200e+02
1.000000000000000000e+00 1.270887966559500200e+02
1.000000000000000000e+00 1.270887966559500200e+02
1.000000000000000000e+00 1.270887966559500200e+02
1.000000000000000000e+00 3.808360868427029686e+02
1.000000000000000000e+00 3.808360868427029686e+02
1.000000000000000000e+00 3.753761155149908291e+02
1.000000000000000000e+00 3.753761155149908291e+02
1.000000000000000000e+00 3.753761155149908291e+02
1.000000000000000000e+00 3.753761155149908291e+02
1.000000000000000000e+00 3.753761155149908291e+02
1.000000000000000000e+00 1.270887966559500200e+02
1.000000000000000000e+00 1.270887966559500200e+02
1.000000000000000000e+00 1.270887966559500200e+02
1.000000000000000000e+00 1.270887966559500200e+02
1.000000000000000000e+00 1.270887966559500200e+02
0.000000000000000000e+00 0.000000000000000000e+00
0.000000000000000000e+00 0.000000000000000000e+00
0.000000000000000000e+00 0.000000000000000000e+00
0.000000000000000000e+00 0.000000000000000000e+00
1.000000000000000000e+00 1.289373457701176733e+02
1.000000000000000000e+00 3.808360868427029686e+02
1.000000000000000000e+00 3.808360868427029686e+02
1.000000000000000000e+00 3.808360868427029686e+02
1.000000000000000000e+00 3.808360868427029686e+02
1.000000000000000000e+00 3.808360868427029686e+02
1.000000000000000000e+00 3.808360868427029686e+02
1.000000000000000000e+00 3.808360868427029686e+02
1.000000000000000000e+00 3.808360868427029686e+02
1.000000000000000000e+00 3.808360868427029686e+02
1.000000000000000000e+00 3.808360868427029686e+02
1.000000000000000000e+00 3.808360868427029686e+02
1.000000000000000000e+00 3.808360868427029686e+02
1.000000000000000000e+00 3.753761155149908291e+02
1.000000000000000000e+00 3.753761155149908291e+02
1.000000000000000000e+00 3.808360868427029686e+02
1.000000000000000000e+00 3.808360868427029686e+02
1.000000000000000000e+00 3.863754752821258762e+02
1.000000000000000000e+00 3.863754752821258762e+02
1.000000000000000000e+00 3.808360868427029686e+02
0.000000000000000000e+00 0.000000000000000000e+00
0.000000000000000000e+00 0.000000000000000000e+00
0.000000000000000000e+00 0.000000000000000000e+00
0.000000000000000000e+00 0.000000000000000000e+00
0.000000000000000000e+00 0.000000000000000000e+00
0.000000000000000000e+00 0.000000000000000000e+00
0.000000000000000000e+00 0.000000000000000000e+00
0.000000000000000000e+00 0.000000000000000000e+00
0.000000000000000000e+00 0.000000000000000000e+00
0.000000000000000000e+00 0.000000000000000000e+00
0.000000000000000000e+00 0.000000000000000000e+00
1.000000000000000000e+00 3.202437002252812590e+02
1.000000000000000000e+00 3.202437002252812590e+02
1.000000000000000000e+00 3.249017521066898553e+02
1.000000000000000000e+00 3.249017521066898553e+02
1.000000000000000000e+00 3.202437002252812590e+02
0.000000000000000000e+00 0.000000000000000000e+00
0.000000000000000000e+00 0.000000000000000000e+00
0.000000000000000000e+00 0.000000000000000000e+00
0.000000000000000000e+00 0.000000000000000000e+00
1.000000000000000000e+00 2.894545544734002647e+02
1.000000000000000000e+00 2.894545544734002647e+02
1.000000000000000000e+00 2.936647679174075733e+02
1.000000000000000000e+00 2.936647679174075733e+02
1.000000000000000000e+00 2.936647679174075733e+02
1.000000000000000000e+00 2.936647679174075733e+02
1.000000000000000000e+00 2.936647679174075733e+02
0.000000000000000000e+00 0.000000000000000000e+00
0.000000000000000000e+00 0.000000000000000000e+00
1.000000000000000000e+00 3.156524299084200607e+02
1.000000000000000000e+00 3.202437002252812590e+02
1.000000000000000000e+00 3.202437002252812590e+02
1.000000000000000000e+00 3.156524299084200607e+02
1.000000000000000000e+00 3.156524299084200607e+02
1.000000000000000000e+00 3.156524299084200607e+02
1.000000000000000000e+00 3.156524299084200607e+02
1.000000000000000000e+00 3.156524299084200607e+02
1.000000000000000000e+00 3.156524299084200607e+02
1.000000000000000000e+00 3.156524299084200607e+02
1.000000000000000000e+00 3.156524299084200607e+02
1.000000000000000000e+00 3.202437002252812590e+02
1.000000000000000000e+00 3.202437002252812590e+02
1.000000000000000000e+00 3.202437002252812590e+02
1.000000000000000000e+00 3.202437002252812590e+02
0.000000000000000000e+00 0.000000000000000000e+00
1.000000000000000000e+00 3.156524299084200607e+02
1.000000000000000000e+00 3.156524299084200607e+02
0.000000000000000000e+00 0.000000000000000000e+00
1.000000000000000000e+00 3.111269837220809222e+02
1.000000000000000000e+00 3.111269837220809222e+02
0.000000000000000000e+00 0.000000000000000000e+00
0.000000000000000000e+00 0.000000000000000000e+00
0.000000000000000000e+00 0.000000000000000000e+00
0.000000000000000000e+00 0.000000000000000000e+00
0.000000000000000000e+00 0.000000000000000000e+00
0.000000000000000000e+00 0.000000000000000000e+00
0.000000000000000000e+00 0.000000000000000000e+00
0.000000000000000000e+00 0.000000000000000000e+00
0.000000000000000000e+00 0.000000000000000000e+00
0.000000000000000000e+00 0.000000000000000000e+00
0.000000000000000000e+00 0.000000000000000000e+00
0.000000000000000000e+00 0.000000000000000000e+00
0.000000000000000000e+00 0.000000000000000000e+00
0.000000000000000000e+00 0.000000000000000000e+00
0.000000000000000000e+00 0.000000000000000000e+00
0.000000000000000000e+00 0.000000000000000000e+00
0.000000000000000000e+00 0.000000000000000000e+00
0.000000000000000000e+00 0.000000000000000000e+00
0.000000000000000000e+00 0.000000000000000000e+00
0.000000000000000000e+00 0.000000000000000000e+00
0.000000000000000000e+00 0.000000000000000000e+00
0.000000000000000000e+00 0.000000000000000000e+00
0.000000000000000000e+00 0.000000000000000000e+00
0.000000000000000000e+00 0.000000000000000000e+00
0.000000000000000000e+00 0.000000000000000000e+00
0.000000000000000000e+00 0.000000000000000000e+00
0.000000000000000000e+00 0.000000000000000000e+00
0.000000000000000000e+00 0.000000000000000000e+00
0.000000000000000000e+00 0.000000000000000000e+00
0.000000000000000000e+00 0.000000000000000000e+00
0.000000000000000000e+00 0.000000000000000000e+00
0.000000000000000000e+00 0.000000000000000000e+00
0.000000000000000000e+00 0.000000000000000000e+00
0.000000000000000000e+00 0.000000000000000000e+00
0.000000000000000000e+00 0.000000000000000000e+00
0.000000000000000000e+00 0.000000000000000000e+00
0.000000000000000000e+00 0.000000000000000000e+00
0.000000000000000000e+00 0.000000000000000000e+00
0.000000000000000000e+00 0.000000000000000000e+00
0.000000000000000000e+00 0.000000000000000000e+00
0.000000000000000000e+00 0.000000000000000000e+00
0.000000000000000000e+00 0.000000000000000000e+00
0.000000000000000000e+00 0.000000000000000000e+00
0.000000000000000000e+00 0.000000000000000000e+00
0.000000000000000000e+00 0.000000000000000000e+00
0.000000000000000000e+00 0.000000000000000000e+00
0.000000000000000000e+00 0.000000000000000000e+00
0.000000000000000000e+00 0.000000000000000000e+00
0.000000000000000000e+00 0.000000000000000000e+00
0.000000000000000000e+00 0.000000000000000000e+00
0.000000000000000000e+00 0.000000000000000000e+00
0.000000000000000000e+00 0.000000000000000000e+00
0.000000000000000000e+00 0.000000000000000000e+00
0.000000000000000000e+00 0.000000000000000000e+00
0.000000000000000000e+00 0.000000000000000000e+00
0.000000000000000000e+00 0.000000000000000000e+00
0.000000000000000000e+00 0.000000000000000000e+00
0.000000000000000000e+00 0.000000000000000000e+00
0.000000000000000000e+00 0.000000000000000000e+00
0.000000000000000000e+00 0.000000000000000000e+00
0.000000000000000000e+00 0.000000000000000000e+00
0.000000000000000000e+00 0.000000000000000000e+00
0.000000000000000000e+00 0.000000000000000000e+00
0.000000000000000000e+00 0.000000000000000000e+00
0.000000000000000000e+00 0.000000000000000000e+00
0.000000000000000000e+00 0.000000000000000000e+00
0.000000000000000000e+00 0.000000000000000000e+00
0.000000000000000000e+00 0.000000000000000000e+00
0.000000000000000000e+00 0.000000000000000000e+00
0.000000000000000000e+00 0.000000000000000000e+00
0.000000000000000000e+00 0.000000000000000000e+00
0.000000000000000000e+00 0.000000000000000000e+00
0.000000000000000000e+00 0.000000000000000000e+00
0.000000000000000000e+00 0.000000000000000000e+00
0.000000000000000000e+00 0.000000000000000000e+00
0.000000000000000000e+00 0.000000000000000000e+00
0.000000000000000000e+00 0.000000000000000000e+00
0.000000000000000000e+00 0.000000000000000000e+00
0.000000000000000000e+00 0.000000000000000000e+00
0.000000000000000000e+00 0.000000000000000000e+00
0.000000000000000000e+00 0.000000000000000000e+00
0.000000000000000000e+00 0.000000000000000000e+00
0.000000000000000000e+00 0.000000000000000000e+00
0.000000000000000000e+00 0.000000000000000000e+00
0.000000000000000000e+00 0.000000000000000000e+00
0.000000000000000000e+00 0.000000000000000000e+00
0.000000000000000000e+00 0.000000000000000000e+00
0.000000000000000000e+00 0.000000000000000000e+00
0.000000000000000000e+00 0.000000000000000000e+00
0.000000000000000000e+00 0.000000000000000000e+00
0.000000000000000000e+00 0.000000000000000000e+00
0.000000000000000000e+00 0.000000000000000000e+00
0.000000000000000000e+00 0.000000000000000000e+00
0.000000000000000000e+00 0.000000000000000000e+00
0.000000000000000000e+00 0.000000000000000000e+00
0.000000000000000000e+00 0.000000000000000000e+00
0.000000000000000000e+00 0.000000000000000000e+00
0.000000000000000000e+00 0.000000000000000000e+00
0.000000000000000000e+00 0.000000000000000000e+00
0.000000000000000000e+00 0.000000000000000000e+00
0.000000000000000000e+00 0.000000000000000000e+00
0.000000000000000000e+00 0.000000000000000000e+00
0.000000000000000000e+00 0.000000000000000000e+00
0.000000000000000000e+00 0.000000000000000000e+00
0.000000000000000000e+00 0.000000000000000000e+00
0.000000000000000000e+00 0.000000000000000000e+00
0.000000000000000000e+00 0.000000000000000000e+00
0.000000000000000000e+00 0.000000000000000000e+00
0.000000000000000000e+00 0.000000000000000000e+00
0.000000000000000000e+00 0.000000000000000000e+00
0.000000000000000000e+00 0.000000000000000000e+00
1.000000000000000000e+00 2.578746915402352897e+02
1.000000000000000000e+00 2.578746915402352897e+02
1.000000000000000000e+00 2.578746915402352897e+02
1.000000000000000000e+00 2.578746915402352897e+02
1.000000000000000000e+00 2.578746915402352897e+02
1.000000000000000000e+00 2.578746915402352897e+02
1.000000000000000000e+00 2.578746915402352897e+02
1.000000000000000000e+00 2.578746915402352897e+02
0.000000000000000000e+00 0.000000000000000000e+00
0.000000000000000000e+00 0.000000000000000000e+00
0.000000000000000000e+00 0.000000000000000000e+00
0.000000000000000000e+00 0.000000000000000000e+00
0.000000000000000000e+00 0.000000000000000000e+00
0.000000000000000000e+00 0.000000000000000000e+00
0.000000000000000000e+00 0.000000000000000000e+00
0.000000000000000000e+00 0.000000000000000000e+00
0.000000000000000000e+00 0.000000000000000000e+00
0.000000000000000000e+00 0.000000000000000000e+00
1.000000000000000000e+00 3.022698024407795856e+02
1.000000000000000000e+00 3.022698024407795856e+02
1.000000000000000000e+00 3.022698024407795856e+02
1.000000000000000000e+00 3.066664179587798458e+02
0.000000000000000000e+00 0.000000000000000000e+00
1.000000000000000000e+00 3.156524299084200607e+02
1.000000000000000000e+00 3.202437002252812590e+02
0.000000000000000000e+00 0.000000000000000000e+00
0.000000000000000000e+00 0.000000000000000000e+00
0.000000000000000000e+00 0.000000000000000000e+00
1.000000000000000000e+00 1.061723987104459184e+03
1.000000000000000000e+00 3.699944227116343995e+02
1.000000000000000000e+00 3.753761155149908291e+02
1.000000000000000000e+00 3.753761155149908291e+02
1.000000000000000000e+00 3.699944227116343995e+02
1.000000000000000000e+00 3.699944227116343995e+02
1.000000000000000000e+00 3.699944227116343995e+02
1.000000000000000000e+00 3.753761155149908291e+02
1.000000000000000000e+00 3.753761155149908291e+02
1.000000000000000000e+00 3.808360868427029686e+02
1.000000000000000000e+00 3.808360868427029686e+02
1.000000000000000000e+00 3.808360868427029686e+02
1.000000000000000000e+00 3.808360868427029686e+02
1.000000000000000000e+00 3.808360868427029686e+02
1.000000000000000000e+00 3.808360868427029686e+02
1.000000000000000000e+00 3.808360868427029686e+02
1.000000000000000000e+00 3.808360868427029686e+02
1.000000000000000000e+00 3.808360868427029686e+02
1.000000000000000000e+00 3.808360868427029686e+02
1.000000000000000000e+00 3.753761155149908291e+02
1.000000000000000000e+00 3.753761155149908291e+02
1.000000000000000000e+00 3.753761155149908291e+02
1.000000000000000000e+00 3.753761155149908291e+02
1.000000000000000000e+00 3.699944227116343995e+02
1.000000000000000000e+00 3.699944227116343995e+02
1.000000000000000000e+00 3.699944227116343995e+02
1.000000000000000000e+00 3.699944227116343995e+02
1.000000000000000000e+00 3.699944227116343995e+02
1.000000000000000000e+00 3.753761155149908291e+02
1.000000000000000000e+00 3.808360868427029686e+02
1.000000000000000000e+00 3.808360868427029686e+02
1.000000000000000000e+00 3.808360868427029686e+02
1.000000000000000000e+00 3.808360868427029686e+02
1.000000000000000000e+00 3.808360868427029686e+02
1.000000000000000000e+00 3.808360868427029686e+02
1.000000000000000000e+00 3.808360868427029686e+02
1.000000000000000000e+00 3.808360868427029686e+02
1.000000000000000000e+00 3.808360868427029686e+02
1.000000000000000000e+00 3.753761155149908291e+02
1.000000000000000000e+00 3.753761155149908291e+02
1.000000000000000000e+00 3.808360868427029686e+02
1.000000000000000000e+00 3.808360868427029686e+02
1.000000000000000000e+00 3.808360868427029686e+02
1.000000000000000000e+00 3.808360868427029686e+02
1.000000000000000000e+00 3.808360868427029686e+02
1.000000000000000000e+00 3.808360868427029686e+02
1.000000000000000000e+00 3.808360868427029686e+02
1.000000000000000000e+00 3.808360868427029686e+02
0.000000000000000000e+00 0.000000000000000000e+00
0.000000000000000000e+00 0.000000000000000000e+00
0.000000000000000000e+00 0.000000000000000000e+00
0.000000000000000000e+00 0.000000000000000000e+00
0.000000000000000000e+00 0.000000000000000000e+00
0.000000000000000000e+00 0.000000000000000000e+00
0.000000000000000000e+00 0.000000000000000000e+00
0.000000000000000000e+00 0.000000000000000000e+00
0.000000000000000000e+00 0.000000000000000000e+00
0.000000000000000000e+00 0.000000000000000000e+00
0.000000000000000000e+00 0.000000000000000000e+00
0.000000000000000000e+00 0.000000000000000000e+00
1.000000000000000000e+00 3.808360868427029686e+02
1.000000000000000000e+00 3.808360868427029686e+02
1.000000000000000000e+00 3.863754752821258762e+02
1.000000000000000000e+00 3.863754752821258762e+02
0.000000000000000000e+00 0.000000000000000000e+00
1.000000000000000000e+00 4.093505566269445239e+02
1.000000000000000000e+00 4.153046975799451275e+02
1.000000000000000000e+00 4.153046975799451275e+02
1.000000000000000000e+00 4.213454435073724085e+02
1.000000000000000000e+00 4.213454435073724085e+02
1.000000000000000000e+00 4.213454435073724085e+02
1.000000000000000000e+00 4.213454435073724085e+02
1.000000000000000000e+00 4.213454435073724085e+02
1.000000000000000000e+00 4.213454435073724085e+02
1.000000000000000000e+00 4.274740541075865963e+02
1.000000000000000000e+00 4.274740541075865963e+02
1.000000000000000000e+00 4.274740541075865963e+02
1.000000000000000000e+00 4.274740541075865963e+02
1.000000000000000000e+00 4.274740541075865963e+02
1.000000000000000000e+00 4.274740541075865963e+02
1.000000000000000000e+00 4.274740541075865963e+02
1.000000000000000000e+00 4.213454435073724085e+02
1.000000000000000000e+00 4.213454435073724085e+02
0.000000000000000000e+00 0.000000000000000000e+00
0.000000000000000000e+00 0.000000000000000000e+00
0.000000000000000000e+00 0.000000000000000000e+00
0.000000000000000000e+00 0.000000000000000000e+00
0.000000000000000000e+00 0.000000000000000000e+00
0.000000000000000000e+00 0.000000000000000000e+00
1.000000000000000000e+00 3.808360868427029686e+02
1.000000000000000000e+00 3.808360868427029686e+02
1.000000000000000000e+00 3.753761155149908291e+02
1.000000000000000000e+00 3.753761155149908291e+02
1.000000000000000000e+00 3.699944227116343995e+02
1.000000000000000000e+00 3.699944227116343995e+02
1.000000000000000000e+00 3.699944227116343995e+02
1.000000000000000000e+00 3.753761155149908291e+02
1.000000000000000000e+00 3.753761155149908291e+02
1.000000000000000000e+00 3.808360868427029686e+02
1.000000000000000000e+00 3.808360868427029686e+02
1.000000000000000000e+00 3.808360868427029686e+02
1.000000000000000000e+00 3.808360868427029686e+02
1.000000000000000000e+00 3.808360868427029686e+02
1.000000000000000000e+00 3.808360868427029686e+02
1.000000000000000000e+00 3.808360868427029686e+02
1.000000000000000000e+00 3.808360868427029686e+02
1.000000000000000000e+00 3.753761155149908291e+02
1.000000000000000000e+00 3.753761155149908291e+02
1.000000000000000000e+00 3.753761155149908291e+02
1.000000000000000000e+00 3.753761155149908291e+02
1.000000000000000000e+00 3.808360868427029686e+02
1.000000000000000000e+00 3.808360868427029686e+02
1.000000000000000000e+00 3.808360868427029686e+02
0.000000000000000000e+00 0.000000000000000000e+00
0.000000000000000000e+00 0.000000000000000000e+00
0.000000000000000000e+00 0.000000000000000000e+00
1.000000000000000000e+00 3.392863815897469522e+02
1.000000000000000000e+00 3.344221001328052694e+02
1.000000000000000000e+00 3.296275569128699203e+02
1.000000000000000000e+00 3.249017521066898553e+02
1.000000000000000000e+00 3.249017521066898553e+02
1.000000000000000000e+00 3.249017521066898553e+02
1.000000000000000000e+00 3.249017521066898553e+02
1.000000000000000000e+00 3.202437002252812590e+02
1.000000000000000000e+00 3.202437002252812590e+02
1.000000000000000000e+00 3.202437002252812590e+02
1.000000000000000000e+00 3.202437002252812590e+02
1.000000000000000000e+00 3.202437002252812590e+02
1.000000000000000000e+00 3.202437002252812590e+02
0.000000000000000000e+00 0.000000000000000000e+00
1.000000000000000000e+00 3.156524299084200607e+02
0.000000000000000000e+00 0.000000000000000000e+00
1.000000000000000000e+00 3.202437002252812590e+02
1.000000000000000000e+00 3.202437002252812590e+02
1.000000000000000000e+00 3.202437002252812590e+02
1.000000000000000000e+00 3.202437002252812590e+02
1.000000000000000000e+00 3.202437002252812590e+02
1.000000000000000000e+00 3.202437002252812590e+02
1.000000000000000000e+00 3.202437002252812590e+02
1.000000000000000000e+00 3.202437002252812590e+02
1.000000000000000000e+00 3.202437002252812590e+02
1.000000000000000000e+00 3.202437002252812590e+02
0.000000000000000000e+00 0.000000000000000000e+00
0.000000000000000000e+00 0.000000000000000000e+00
0.000000000000000000e+00 0.000000000000000000e+00
0.000000000000000000e+00 0.000000000000000000e+00
0.000000000000000000e+00 0.000000000000000000e+00
1.000000000000000000e+00 3.202437002252812590e+02
1.000000000000000000e+00 3.202437002252812590e+02
1.000000000000000000e+00 3.202437002252812590e+02
1.000000000000000000e+00 3.156524299084200607e+02
1.000000000000000000e+00 3.111269837220809222e+02
1.000000000000000000e+00 3.066664179587798458e+02
1.000000000000000000e+00 3.022698024407795856e+02
1.000000000000000000e+00 3.022698024407795856e+02
1.000000000000000000e+00 3.022698024407795856e+02
0.000000000000000000e+00 0.000000000000000000e+00
1.000000000000000000e+00 3.202437002252812590e+02
1.000000000000000000e+00 3.202437002252812590e+02
1.000000000000000000e+00 3.202437002252812590e+02
1.000000000000000000e+00 3.202437002252812590e+02
1.000000000000000000e+00 3.202437002252812590e+02
1.000000000000000000e+00 3.202437002252812590e+02
1.000000000000000000e+00 3.202437002252812590e+02
1.000000000000000000e+00 3.156524299084200607e+02
1.000000000000000000e+00 3.156524299084200607e+02
1.000000000000000000e+00 3.202437002252812590e+02
1.000000000000000000e+00 3.202437002252812590e+02
1.000000000000000000e+00 3.202437002252812590e+02
1.000000000000000000e+00 3.156524299084200607e+02
1.000000000000000000e+00 3.156524299084200607e+02
1.000000000000000000e+00 3.156524299084200607e+02
1.000000000000000000e+00 3.202437002252812590e+02
1.000000000000000000e+00 3.202437002252812590e+02
1.000000000000000000e+00 3.202437002252812590e+02
1.000000000000000000e+00 3.202437002252812590e+02
1.000000000000000000e+00 3.202437002252812590e+02
1.000000000000000000e+00 3.202437002252812590e+02
1.000000000000000000e+00 3.202437002252812590e+02
1.000000000000000000e+00 3.202437002252812590e+02
1.000000000000000000e+00 3.202437002252812590e+02
1.000000000000000000e+00 3.202437002252812590e+02
1.000000000000000000e+00 3.202437002252812590e+02
1.000000000000000000e+00 3.202437002252812590e+02
1.000000000000000000e+00 3.202437002252812590e+02
1.000000000000000000e+00 3.202437002252812590e+02
1.000000000000000000e+00 3.202437002252812590e+02
1.000000000000000000e+00 3.202437002252812590e+02
1.000000000000000000e+00 3.156524299084200607e+02
1.000000000000000000e+00 3.111269837220809222e+02
0.000000000000000000e+00 0.000000000000000000e+00
1.000000000000000000e+00 2.936647679174075733e+02
1.000000000000000000e+00 2.894545544734002647e+02
1.000000000000000000e+00 2.853047020232221485e+02
1.000000000000000000e+00 2.853047020232221485e+02
1.000000000000000000e+00 2.853047020232221485e+02
1.000000000000000000e+00 2.853047020232221485e+02
1.000000000000000000e+00 2.853047020232221485e+02
1.000000000000000000e+00 2.853047020232221485e+02
1.000000000000000000e+00 2.853047020232221485e+02
1.000000000000000000e+00 2.853047020232221485e+02
1.000000000000000000e+00 2.853047020232221485e+02
1.000000000000000000e+00 2.853047020232221485e+02
1.000000000000000000e+00 2.853047020232221485e+02
1.000000000000000000e+00 2.853047020232221485e+02
1.000000000000000000e+00 2.853047020232221485e+02
1.000000000000000000e+00 2.853047020232221485e+02
1.000000000000000000e+00 2.853047020232221485e+02
1.000000000000000000e+00 2.853047020232221485e+02
1.000000000000000000e+00 2.853047020232221485e+02
1.000000000000000000e+00 2.853047020232221485e+02
1.000000000000000000e+00 2.853047020232221485e+02
1.000000000000000000e+00 2.853047020232221485e+02
1.000000000000000000e+00 2.853047020232221485e+02
1.000000000000000000e+00 2.853047020232221485e+02
1.000000000000000000e+00 2.853047020232221485e+02
1.000000000000000000e+00 2.812143451832947108e+02
1.000000000000000000e+00 2.812143451832947108e+02
1.000000000000000000e+00 2.853047020232221485e+02
1.000000000000000000e+00 2.853047020232221485e+02
1.000000000000000000e+00 2.853047020232221485e+02
1.000000000000000000e+00 2.853047020232221485e+02
1.000000000000000000e+00 2.853047020232221485e+02
1.000000000000000000e+00 2.853047020232221485e+02
1.000000000000000000e+00 2.812143451832947108e+02
1.000000000000000000e+00 2.812143451832947108e+02
1.000000000000000000e+00 2.812143451832947108e+02
1.000000000000000000e+00 2.812143451832947108e+02
1.000000000000000000e+00 2.812143451832947108e+02
0.000000000000000000e+00 0.000000000000000000e+00
0.000000000000000000e+00 0.000000000000000000e+00
0.000000000000000000e+00 0.000000000000000000e+00
0.000000000000000000e+00 0.000000000000000000e+00
0.000000000000000000e+00 0.000000000000000000e+00
1.000000000000000000e+00 2.578746915402352897e+02
1.000000000000000000e+00 2.578746915402352897e+02
1.000000000000000000e+00 2.541775933119000399e+02
1.000000000000000000e+00 2.541775933119000399e+02
1.000000000000000000e+00 2.541775933119000399e+02
0.000000000000000000e+00 0.000000000000000000e+00
0.000000000000000000e+00 0.000000000000000000e+00
0.000000000000000000e+00 0.000000000000000000e+00
0.000000000000000000e+00 0.000000000000000000e+00
0.000000000000000000e+00 0.000000000000000000e+00
0.000000000000000000e+00 0.000000000000000000e+00
0.000000000000000000e+00 0.000000000000000000e+00
0.000000000000000000e+00 0.000000000000000000e+00
0.000000000000000000e+00 0.000000000000000000e+00
0.000000000000000000e+00 0.000000000000000000e+00
0.000000000000000000e+00 0.000000000000000000e+00
0.000000000000000000e+00 0.000000000000000000e+00
0.000000000000000000e+00 0.000000000000000000e+00
0.000000000000000000e+00 0.000000000000000000e+00
0.000000000000000000e+00 0.000000000000000000e+00
0.000000000000000000e+00 0.000000000000000000e+00
0.000000000000000000e+00 0.000000000000000000e+00
0.000000000000000000e+00 0.000000000000000000e+00
0.000000000000000000e+00 0.000000000000000000e+00
0.000000000000000000e+00 0.000000000000000000e+00
0.000000000000000000e+00 0.000000000000000000e+00
0.000000000000000000e+00 0.000000000000000000e+00
0.000000000000000000e+00 0.000000000000000000e+00
0.000000000000000000e+00 0.000000000000000000e+00
0.000000000000000000e+00 0.000000000000000000e+00
0.000000000000000000e+00 0.000000000000000000e+00
0.000000000000000000e+00 0.000000000000000000e+00
0.000000000000000000e+00 0.000000000000000000e+00
0.000000000000000000e+00 0.000000000000000000e+00
0.000000000000000000e+00 0.000000000000000000e+00
0.000000000000000000e+00 0.000000000000000000e+00
0.000000000000000000e+00 0.000000000000000000e+00
0.000000000000000000e+00 0.000000000000000000e+00
0.000000000000000000e+00 0.000000000000000000e+00
1.000000000000000000e+00 1.959977179908746336e+02
1.000000000000000000e+00 1.959977179908746336e+02
1.000000000000000000e+00 1.931877376410629381e+02
1.000000000000000000e+00 1.931877376410629381e+02
1.000000000000000000e+00 1.931877376410629381e+02
1.000000000000000000e+00 1.931877376410629381e+02
1.000000000000000000e+00 1.931877376410629381e+02
1.000000000000000000e+00 1.931877376410629381e+02
1.000000000000000000e+00 1.931877376410629381e+02
1.000000000000000000e+00 1.931877376410629381e+02
1.000000000000000000e+00 1.959977179908746336e+02
1.000000000000000000e+00 1.988485704460422312e+02
0.000000000000000000e+00 0.000000000000000000e+00
1.000000000000000000e+00 2.106727217536862042e+02
1.000000000000000000e+00 2.137370270537932981e+02
1.000000000000000000e+00 2.137370270537932981e+02
1.000000000000000000e+00 2.106727217536862042e+02
1.000000000000000000e+00 2.106727217536862042e+02
1.000000000000000000e+00 2.106727217536862042e+02
1.000000000000000000e+00 2.106727217536862042e+02
1.000000000000000000e+00 2.137370270537932981e+02
1.000000000000000000e+00 2.137370270537932981e+02
1.000000000000000000e+00 2.106727217536862042e+02
1.000000000000000000e+00 2.106727217536862042e+02
1.000000000000000000e+00 2.076523487899725637e+02
1.000000000000000000e+00 2.076523487899725637e+02
1.000000000000000000e+00 2.076523487899725637e+02
1.000000000000000000e+00 2.076523487899725637e+02
0.000000000000000000e+00 0.000000000000000000e+00
0.000000000000000000e+00 0.000000000000000000e+00
0.000000000000000000e+00 0.000000000000000000e+00
1.000000000000000000e+00 2.541775933119000399e+02
1.000000000000000000e+00 2.541775933119000399e+02
1.000000000000000000e+00 2.541775933119000399e+02
1.000000000000000000e+00 2.541775933119000399e+02
1.000000000000000000e+00 2.505334996464721371e+02
1.000000000000000000e+00 2.505334996464721371e+02
1.000000000000000000e+00 2.505334996464721371e+02
1.000000000000000000e+00 2.541775933119000399e+02
1.000000000000000000e+00 2.578746915402352897e+02
1.000000000000000000e+00 2.578746915402352897e+02
1.000000000000000000e+00 2.541775933119000399e+02
1.000000000000000000e+00 2.541775933119000399e+02
1.000000000000000000e+00 2.505334996464721371e+02
1.000000000000000000e+00 2.505334996464721371e+02
1.000000000000000000e+00 2.505334996464721371e+02
1.000000000000000000e+00 2.505334996464721371e+02
1.000000000000000000e+00 2.505334996464721371e+02
0.000000000000000000e+00 0.000000000000000000e+00
0.000000000000000000e+00 0.000000000000000000e+00
0.000000000000000000e+00 0.000000000000000000e+00
0.000000000000000000e+00 0.000000000000000000e+00
0.000000000000000000e+00 0.000000000000000000e+00
0.000000000000000000e+00 0.000000000000000000e+00
0.000000000000000000e+00 0.000000000000000000e+00
0.000000000000000000e+00 0.000000000000000000e+00
0.000000000000000000e+00 0.000000000000000000e+00
0.000000000000000000e+00 0.000000000000000000e+00
0.000000000000000000e+00 0.000000000000000000e+00
0.000000000000000000e+00 0.000000000000000000e+00
0.000000000000000000e+00 0.000000000000000000e+00
0.000000000000000000e+00 0.000000000000000000e+00
0.000000000000000000e+00 0.000000000000000000e+00
0.000000000000000000e+00 0.000000000000000000e+00
0.000000000000000000e+00 0.000000000000000000e+00
0.000000000000000000e+00 0.000000000000000000e+00
0.000000000000000000e+00 0.000000000000000000e+00
0.000000000000000000e+00 0.000000000000000000e+00
0.000000000000000000e+00 0.000000000000000000e+00
0.000000000000000000e+00 0.000000000000000000e+00
0.000000000000000000e+00 0.000000000000000000e+00
1.000000000000000000e+00 1.601218501126406295e+02
1.000000000000000000e+00 1.601218501126406295e+02
1.000000000000000000e+00 1.601218501126406295e+02
1.000000000000000000e+00 1.601218501126406295e+02
0.000000000000000000e+00 0.000000000000000000e+00
0.000000000000000000e+00 0.000000000000000000e+00
0.000000000000000000e+00 0.000000000000000000e+00
0.000000000000000000e+00 0.000000000000000000e+00
1.000000000000000000e+00 1.823449430844896142e+02
1.000000000000000000e+00 1.849972113558171998e+02
1.000000000000000000e+00 1.849972113558171998e+02
1.000000000000000000e+00 1.876880577574954145e+02
1.000000000000000000e+00 1.876880577574954145e+02
1.000000000000000000e+00 1.876880577574954145e+02
1.000000000000000000e+00 1.876880577574954145e+02
1.000000000000000000e+00 1.876880577574954145e+02
1.000000000000000000e+00 1.904180434213514843e+02
1.000000000000000000e+00 1.931877376410629381e+02
1.000000000000000000e+00 1.959977179908746336e+02
0.000000000000000000e+00 0.000000000000000000e+00
1.000000000000000000e+00 2.076523487899725637e+02
1.000000000000000000e+00 2.106727217536862042e+02
1.000000000000000000e+00 2.106727217536862042e+02
1.000000000000000000e+00 2.106727217536862042e+02
1.000000000000000000e+00 2.106727217536862042e+02
1.000000000000000000e+00 2.106727217536862042e+02
1.000000000000000000e+00 2.137370270537932981e+02
1.000000000000000000e+00 2.137370270537932981e+02
1.000000000000000000e+00 2.137370270537932981e+02
1.000000000000000000e+00 2.168459037008412622e+02
1.000000000000000000e+00 2.168459037008412622e+02
1.000000000000000000e+00 2.168459037008412622e+02
1.000000000000000000e+00 2.168459037008412622e+02
1.000000000000000000e+00 2.168459037008412622e+02
1.000000000000000000e+00 2.137370270537932981e+02
1.000000000000000000e+00 2.137370270537932981e+02
1.000000000000000000e+00 2.137370270537932981e+02
1.000000000000000000e+00 2.137370270537932981e+02
0.000000000000000000e+00 0.000000000000000000e+00
0.000000000000000000e+00 0.000000000000000000e+00
0.000000000000000000e+00 0.000000000000000000e+00
1.000000000000000000e+00 2.505334996464721371e+02
1.000000000000000000e+00 2.505334996464721371e+02
1.000000000000000000e+00 2.505334996464721371e+02
1.000000000000000000e+00 2.505334996464721371e+02
1.000000000000000000e+00 2.469416506280620638e+02
1.000000000000000000e+00 2.469416506280620638e+02
1.000000000000000000e+00 2.505334996464721371e+02
1.000000000000000000e+00 2.505334996464721371e+02
1.000000000000000000e+00 2.541775933119000399e+02
1.000000000000000000e+00 2.541775933119000399e+02
1.000000000000000000e+00 2.578746915402352897e+02
1.000000000000000000e+00 2.578746915402352897e+02
1.000000000000000000e+00 2.578746915402352897e+02
1.000000000000000000e+00 2.541775933119000399e+02
1.000000000000000000e+00 2.541775933119000399e+02
1.000000000000000000e+00 2.541775933119000399e+02
1.000000000000000000e+00 2.541775933119000399e+02
1.000000000000000000e+00 2.541775933119000399e+02
1.000000000000000000e+00 2.541775933119000399e+02
1.000000000000000000e+00 2.541775933119000399e+02
1.000000000000000000e+00 2.541775933119000399e+02
0.000000000000000000e+00 0.000000000000000000e+00
0.000000000000000000e+00 0.000000000000000000e+00
0.000000000000000000e+00 0.000000000000000000e+00
0.000000000000000000e+00 0.000000000000000000e+00
0.000000000000000000e+00 0.000000000000000000e+00
0.000000000000000000e+00 0.000000000000000000e+00
0.000000000000000000e+00 0.000000000000000000e+00
0.000000000000000000e+00 0.000000000000000000e+00
1.000000000000000000e+00 2.578746915402352897e+02
1.000000000000000000e+00 2.578746915402352897e+02
1.000000000000000000e+00 2.578746915402352897e+02
1.000000000000000000e+00 2.578746915402352897e+02
1.000000000000000000e+00 2.541775933119000399e+02
1.000000000000000000e+00 2.541775933119000399e+02
1.000000000000000000e+00 2.505334996464721371e+02
1.000000000000000000e+00 2.505334996464721371e+02
1.000000000000000000e+00 2.541775933119000399e+02
1.000000000000000000e+00 2.616255653005986233e+02
0.000000000000000000e+00 0.000000000000000000e+00
0.000000000000000000e+00 0.000000000000000000e+00
1.000000000000000000e+00 2.812143451832947108e+02
0.000000000000000000e+00 0.000000000000000000e+00
1.000000000000000000e+00 3.022698024407795856e+02
1.000000000000000000e+00 3.022698024407795856e+02
1.000000000000000000e+00 2.979362203261163700e+02
0.000000000000000000e+00 0.000000000000000000e+00
0.000000000000000000e+00 0.000000000000000000e+00
1.000000000000000000e+00 2.541775933119000399e+02
1.000000000000000000e+00 2.541775933119000399e+02
1.000000000000000000e+00 2.505334996464721371e+02
0.000000000000000000e+00 0.000000000000000000e+00
0.000000000000000000e+00 0.000000000000000000e+00
1.000000000000000000e+00 2.297402321340310323e+02
1.000000000000000000e+00 2.264464920615682502e+02
1.000000000000000000e+00 2.231999736862552197e+02
1.000000000000000000e+00 2.231999736862552197e+02
1.000000000000000000e+00 2.200000000000000000e+02
1.000000000000000000e+00 2.168459037008412622e+02
1.000000000000000000e+00 2.168459037008412622e+02
1.000000000000000000e+00 2.168459037008412622e+02
1.000000000000000000e+00 2.168459037008412622e+02
1.000000000000000000e+00 2.168459037008412622e+02
1.000000000000000000e+00 2.168459037008412622e+02
1.000000000000000000e+00 2.168459037008412622e+02
1.000000000000000000e+00 2.200000000000000000e+02
1.000000000000000000e+00 2.231999736862552197e+02
0.000000000000000000e+00 0.000000000000000000e+00
0.000000000000000000e+00 0.000000000000000000e+00
0.000000000000000000e+00 0.000000000000000000e+00
1.000000000000000000e+00 2.578746915402352897e+02
1.000000000000000000e+00 2.578746915402352897e+02
1.000000000000000000e+00 2.578746915402352897e+02
1.000000000000000000e+00 2.578746915402352897e+02
1.000000000000000000e+00 2.578746915402352897e+02
1.000000000000000000e+00 2.541775933119000399e+02
1.000000000000000000e+00 2.541775933119000399e+02
1.000000000000000000e+00 2.541775933119000399e+02
1.000000000000000000e+00 2.541775933119000399e+02
1.000000000000000000e+00 2.541775933119000399e+02
1.000000000000000000e+00 2.541775933119000399e+02
1.000000000000000000e+00 2.578746915402352897e+02
1.000000000000000000e+00 2.541775933119000399e+02
0.000000000000000000e+00 0.000000000000000000e+00
0.000000000000000000e+00 0.000000000000000000e+00
0.000000000000000000e+00 0.000000000000000000e+00
0.000000000000000000e+00 0.000000000000000000e+00
0.000000000000000000e+00 0.000000000000000000e+00
0.000000000000000000e+00 0.000000000000000000e+00
0.000000000000000000e+00 0.000000000000000000e+00
0.000000000000000000e+00 0.000000000000000000e+00
0.000000000000000000e+00 0.000000000000000000e+00
0.000000000000000000e+00 0.000000000000000000e+00
0.000000000000000000e+00 0.000000000000000000e+00
0.000000000000000000e+00 0.000000000000000000e+00
0.000000000000000000e+00 0.000000000000000000e+00
0.000000000000000000e+00 0.000000000000000000e+00
0.000000000000000000e+00 0.000000000000000000e+00
0.000000000000000000e+00 0.000000000000000000e+00
0.000000000000000000e+00 0.000000000000000000e+00
0.000000000000000000e+00 0.000000000000000000e+00
0.000000000000000000e+00 0.000000000000000000e+00
0.000000000000000000e+00 0.000000000000000000e+00
0.000000000000000000e+00 0.000000000000000000e+00
0.000000000000000000e+00 0.000000000000000000e+00
0.000000000000000000e+00 0.000000000000000000e+00
0.000000000000000000e+00 0.000000000000000000e+00
0.000000000000000000e+00 0.000000000000000000e+00
0.000000000000000000e+00 0.000000000000000000e+00
0.000000000000000000e+00 0.000000000000000000e+00
0.000000000000000000e+00 0.000000000000000000e+00
0.000000000000000000e+00 0.000000000000000000e+00
0.000000000000000000e+00 0.000000000000000000e+00
0.000000000000000000e+00 0.000000000000000000e+00
0.000000000000000000e+00 0.000000000000000000e+00
0.000000000000000000e+00 0.000000000000000000e+00
0.000000000000000000e+00 0.000000000000000000e+00
0.000000000000000000e+00 0.000000000000000000e+00
0.000000000000000000e+00 0.000000000000000000e+00
0.000000000000000000e+00 0.000000000000000000e+00
0.000000000000000000e+00 0.000000000000000000e+00
0.000000000000000000e+00 0.000000000000000000e+00
0.000000000000000000e+00 0.000000000000000000e+00
0.000000000000000000e+00 0.000000000000000000e+00
0.000000000000000000e+00 0.000000000000000000e+00
0.000000000000000000e+00 0.000000000000000000e+00
0.000000000000000000e+00 0.000000000000000000e+00
0.000000000000000000e+00 0.000000000000000000e+00
0.000000000000000000e+00 0.000000000000000000e+00
0.000000000000000000e+00 0.000000000000000000e+00
0.000000000000000000e+00 0.000000000000000000e+00
0.000000000000000000e+00 0.000000000000000000e+00
0.000000000000000000e+00 0.000000000000000000e+00
0.000000000000000000e+00 0.000000000000000000e+00
0.000000000000000000e+00 0.000000000000000000e+00
0.000000000000000000e+00 0.000000000000000000e+00
0.000000000000000000e+00 0.000000000000000000e+00
0.000000000000000000e+00 0.000000000000000000e+00
0.000000000000000000e+00 0.000000000000000000e+00
0.000000000000000000e+00 0.000000000000000000e+00
0.000000000000000000e+00 0.000000000000000000e+00
0.000000000000000000e+00 0.000000000000000000e+00
0.000000000000000000e+00 0.000000000000000000e+00
0.000000000000000000e+00 0.000000000000000000e+00
0.000000000000000000e+00 0.000000000000000000e+00
0.000000000000000000e+00 0.000000000000000000e+00
0.000000000000000000e+00 0.000000000000000000e+00
0.000000000000000000e+00 0.000000000000000000e+00
0.000000000000000000e+00 0.000000000000000000e+00
0.000000000000000000e+00 0.000000000000000000e+00
0.000000000000000000e+00 0.000000000000000000e+00
0.000000000000000000e+00 0.000000000000000000e+00
0.000000000000000000e+00 0.000000000000000000e+00
0.000000000000000000e+00 0.000000000000000000e+00
0.000000000000000000e+00 0.000000000000000000e+00
0.000000000000000000e+00 0.000000000000000000e+00
0.000000000000000000e+00 0.000000000000000000e+00
0.000000000000000000e+00 0.000000000000000000e+00
0.000000000000000000e+00 0.000000000000000000e+00
0.000000000000000000e+00 0.000000000000000000e+00
0.000000000000000000e+00 0.000000000000000000e+00
0.000000000000000000e+00 0.000000000000000000e+00
0.000000000000000000e+00 0.000000000000000000e+00
0.000000000000000000e+00 0.000000000000000000e+00
0.000000000000000000e+00 0.000000000000000000e+00
0.000000000000000000e+00 0.000000000000000000e+00
0.000000000000000000e+00 0.000000000000000000e+00
0.000000000000000000e+00 0.000000000000000000e+00
0.000000000000000000e+00 0.000000000000000000e+00
0.000000000000000000e+00 0.000000000000000000e+00
0.000000000000000000e+00 0.000000000000000000e+00
0.000000000000000000e+00 0.000000000000000000e+00
0.000000000000000000e+00 0.000000000000000000e+00
0.000000000000000000e+00 0.000000000000000000e+00
0.000000000000000000e+00 0.000000000000000000e+00
0.000000000000000000e+00 0.000000000000000000e+00
0.000000000000000000e+00 0.000000000000000000e+00
0.000000000000000000e+00 0.000000000000000000e+00
0.000000000000000000e+00 0.000000000000000000e+00
0.000000000000000000e+00 0.000000000000000000e+00
0.000000000000000000e+00 0.000000000000000000e+00
0.000000000000000000e+00 0.000000000000000000e+00
0.000000000000000000e+00 0.000000000000000000e+00
0.000000000000000000e+00 0.000000000000000000e+00
0.000000000000000000e+00 0.000000000000000000e+00
0.000000000000000000e+00 0.000000000000000000e+00
0.000000000000000000e+00 0.000000000000000000e+00
0.000000000000000000e+00 0.000000000000000000e+00
0.000000000000000000e+00 0.000000000000000000e+00
0.000000000000000000e+00 0.000000000000000000e+00
0.000000000000000000e+00 0.000000000000000000e+00
0.000000000000000000e+00 0.000000000000000000e+00
0.000000000000000000e+00 0.000000000000000000e+00
0.000000000000000000e+00 0.000000000000000000e+00
0.000000000000000000e+00 0.000000000000000000e+00
0.000000000000000000e+00 0.000000000000000000e+00
0.000000000000000000e+00 0.000000000000000000e+00
0.000000000000000000e+00 0.000000000000000000e+00
0.000000000000000000e+00 0.000000000000000000e+00
0.000000000000000000e+00 0.000000000000000000e+00
0.000000000000000000e+00 0.000000000000000000e+00
0.000000000000000000e+00 0.000000000000000000e+00
0.000000000000000000e+00 0.000000000000000000e+00
0.000000000000000000e+00 0.000000000000000000e+00
0.000000000000000000e+00 0.000000000000000000e+00
0.000000000000000000e+00 0.000000000000000000e+00
0.000000000000000000e+00 0.000000000000000000e+00
0.000000000000000000e+00 0.000000000000000000e+00
0.000000000000000000e+00 0.000000000000000000e+00
0.000000000000000000e+00 0.000000000000000000e+00
1.000000000000000000e+00 2.364721347825532121e+02
1.000000000000000000e+00 2.364721347825532121e+02
1.000000000000000000e+00 2.364721347825532121e+02
1.000000000000000000e+00 2.364721347825532121e+02
1.000000000000000000e+00 2.399117011863566802e+02
1.000000000000000000e+00 2.399117011863566802e+02
1.000000000000000000e+00 2.434012972355433533e+02
1.000000000000000000e+00 2.434012972355433533e+02
1.000000000000000000e+00 2.505334996464721371e+02
1.000000000000000000e+00 2.505334996464721371e+02
1.000000000000000000e+00 2.505334996464721371e+02
1.000000000000000000e+00 2.505334996464721371e+02
1.000000000000000000e+00 2.505334996464721371e+02
1.000000000000000000e+00 2.505334996464721371e+02
1.000000000000000000e+00 2.505334996464721371e+02
1.000000000000000000e+00 2.505334996464721371e+02
1.000000000000000000e+00 2.505334996464721371e+02
1.000000000000000000e+00 2.505334996464721371e+02
1.000000000000000000e+00 2.505334996464721371e+02
1.000000000000000000e+00 2.505334996464721371e+02
1.000000000000000000e+00 2.541775933119000399e+02
1.000000000000000000e+00 2.541775933119000399e+02
1.000000000000000000e+00 2.541775933119000399e+02
1.000000000000000000e+00 2.541775933119000399e+02
1.000000000000000000e+00 2.541775933119000399e+02
1.000000000000000000e+00 2.541775933119000399e+02
1.000000000000000000e+00 2.541775933119000399e+02
1.000000000000000000e+00 2.541775933119000399e+02
1.000000000000000000e+00 2.578746915402352897e+02
1.000000000000000000e+00 2.578746915402352897e+02
1.000000000000000000e+00 2.578746915402352897e+02
1.000000000000000000e+00 2.541775933119000399e+02
1.000000000000000000e+00 2.578746915402352897e+02
1.000000000000000000e+00 2.578746915402352897e+02
1.000000000000000000e+00 2.578746915402352897e+02
1.000000000000000000e+00 2.578746915402352897e+02
1.000000000000000000e+00 2.578746915402352897e+02
1.000000000000000000e+00 2.578746915402352897e+02
1.000000000000000000e+00 2.578746915402352897e+02
0.000000000000000000e+00 0.000000000000000000e+00
0.000000000000000000e+00 0.000000000000000000e+00
0.000000000000000000e+00 0.000000000000000000e+00
0.000000000000000000e+00 0.000000000000000000e+00
0.000000000000000000e+00 0.000000000000000000e+00
0.000000000000000000e+00 0.000000000000000000e+00
0.000000000000000000e+00 0.000000000000000000e+00
0.000000000000000000e+00 0.000000000000000000e+00
0.000000000000000000e+00 0.000000000000000000e+00
0.000000000000000000e+00 0.000000000000000000e+00
0.000000000000000000e+00 0.000000000000000000e+00
0.000000000000000000e+00 0.000000000000000000e+00
1.000000000000000000e+00 3.392863815897469522e+02
1.000000000000000000e+00 3.392863815897469522e+02
1.000000000000000000e+00 3.392863815897469522e+02
1.000000000000000000e+00 3.392863815897469522e+02
1.000000000000000000e+00 3.392863815897469522e+02
1.000000000000000000e+00 3.392863815897469522e+02
1.000000000000000000e+00 3.392863815897469522e+02
1.000000000000000000e+00 3.344221001328052694e+02
1.000000000000000000e+00 3.344221001328052694e+02
1.000000000000000000e+00 3.392863815897469522e+02
1.000000000000000000e+00 3.392863815897469522e+02
1.000000000000000000e+00 2.578746915402352897e+02
1.000000000000000000e+00 2.578746915402352897e+02
1.000000000000000000e+00 2.578746915402352897e+02
1.000000000000000000e+00 3.392863815897469522e+02
1.000000000000000000e+00 3.392863815897469522e+02
1.000000000000000000e+00 3.392863815897469522e+02
1.000000000000000000e+00 2.812143451832947108e+02
1.000000000000000000e+00 2.812143451832947108e+02
1.000000000000000000e+00 2.853047020232221485e+02
1.000000000000000000e+00 2.894545544734002647e+02
1.000000000000000000e+00 2.936647679174075733e+02
1.000000000000000000e+00 2.979362203261163700e+02
1.000000000000000000e+00 3.022698024407795856e+02
1.000000000000000000e+00 3.022698024407795856e+02
1.000000000000000000e+00 3.022698024407795856e+02
1.000000000000000000e+00 3.066664179587798458e+02
1.000000000000000000e+00 3.111269837220809222e+02
1.000000000000000000e+00 3.156524299084200607e+02
1.000000000000000000e+00 3.156524299084200607e+02
1.000000000000000000e+00 3.156524299084200607e+02
1.000000000000000000e+00 3.156524299084200607e+02
1.000000000000000000e+00 3.202437002252812590e+02
1.000000000000000000e+00 3.202437002252812590e+02
1.000000000000000000e+00 3.202437002252812590e+02
1.000000000000000000e+00 3.202437002252812590e+02
1.000000000000000000e+00 3.202437002252812590e+02
1.000000000000000000e+00 3.202437002252812590e+02
1.000000000000000000e+00 3.202437002252812590e+02
1.000000000000000000e+00 3.202437002252812590e+02
1.000000000000000000e+00 3.202437002252812590e+02
1.000000000000000000e+00 3.202437002252812590e+02
1.000000000000000000e+00 3.202437002252812590e+02
1.000000000000000000e+00 3.202437002252812590e+02
1.000000000000000000e+00 3.202437002252812590e+02
1.000000000000000000e+00 3.202437002252812590e+02
0.000000000000000000e+00 0.000000000000000000e+00
0.000000000000000000e+00 0.000000000000000000e+00
0.000000000000000000e+00 0.000000000000000000e+00
0.000000000000000000e+00 0.000000000000000000e+00
0.000000000000000000e+00 0.000000000000000000e+00
0.000000000000000000e+00 0.000000000000000000e+00
1.000000000000000000e+00 2.578746915402352897e+02
1.000000000000000000e+00 2.578746915402352897e+02
1.000000000000000000e+00 2.578746915402352897e+02
1.000000000000000000e+00 2.578746915402352897e+02
1.000000000000000000e+00 2.578746915402352897e+02
1.000000000000000000e+00 2.578746915402352897e+02
1.000000000000000000e+00 2.578746915402352897e+02
0.000000000000000000e+00 0.000000000000000000e+00
0.000000000000000000e+00 0.000000000000000000e+00
0.000000000000000000e+00 0.000000000000000000e+00
1.000000000000000000e+00 2.541775933119000399e+02
1.000000000000000000e+00 2.541775933119000399e+02
1.000000000000000000e+00 2.541775933119000399e+02
1.000000000000000000e+00 2.505334996464721371e+02
1.000000000000000000e+00 2.505334996464721371e+02
1.000000000000000000e+00 2.505334996464721371e+02
1.000000000000000000e+00 2.505334996464721371e+02
1.000000000000000000e+00 2.505334996464721371e+02
1.000000000000000000e+00 2.541775933119000399e+02
1.000000000000000000e+00 2.578746915402352897e+02
1.000000000000000000e+00 2.578746915402352897e+02
1.000000000000000000e+00 2.578746915402352897e+02
1.000000000000000000e+00 2.541775933119000399e+02
1.000000000000000000e+00 2.505334996464721371e+02
1.000000000000000000e+00 2.505334996464721371e+02
1.000000000000000000e+00 2.505334996464721371e+02
1.000000000000000000e+00 2.541775933119000399e+02
1.000000000000000000e+00 2.578746915402352897e+02
1.000000000000000000e+00 2.578746915402352897e+02
1.000000000000000000e+00 2.578746915402352897e+02
1.000000000000000000e+00 2.541775933119000399e+02
1.000000000000000000e+00 2.505334996464721371e+02
1.000000000000000000e+00 2.505334996464721371e+02
1.000000000000000000e+00 2.505334996464721371e+02
1.000000000000000000e+00 2.541775933119000399e+02
1.000000000000000000e+00 2.541775933119000399e+02
1.000000000000000000e+00 2.541775933119000399e+02
0.000000000000000000e+00 0.000000000000000000e+00
1.000000000000000000e+00 2.434012972355433533e+02
1.000000000000000000e+00 2.434012972355433533e+02
0.000000000000000000e+00 0.000000000000000000e+00
0.000000000000000000e+00 0.000000000000000000e+00
0.000000000000000000e+00 0.000000000000000000e+00
0.000000000000000000e+00 0.000000000000000000e+00
0.000000000000000000e+00 0.000000000000000000e+00
0.000000000000000000e+00 0.000000000000000000e+00
0.000000000000000000e+00 0.000000000000000000e+00
0.000000000000000000e+00 0.000000000000000000e+00
0.000000000000000000e+00 0.000000000000000000e+00
0.000000000000000000e+00 0.000000000000000000e+00
0.000000000000000000e+00 0.000000000000000000e+00
0.000000000000000000e+00 0.000000000000000000e+00
0.000000000000000000e+00 0.000000000000000000e+00
1.000000000000000000e+00 1.904180434213514843e+02
1.000000000000000000e+00 1.904180434213514843e+02
1.000000000000000000e+00 1.904180434213514843e+02
1.000000000000000000e+00 1.904180434213514843e+02
1.000000000000000000e+00 1.904180434213514843e+02
1.000000000000000000e+00 1.904180434213514843e+02
0.000000000000000000e+00 0.000000000000000000e+00
0.000000000000000000e+00 0.000000000000000000e+00
0.000000000000000000e+00 0.000000000000000000e+00
0.000000000000000000e+00 0.000000000000000000e+00
0.000000000000000000e+00 0.000000000000000000e+00
1.000000000000000000e+00 1.426523510116110742e+02
0.000000000000000000e+00 0.000000000000000000e+00
1.000000000000000000e+00 1.447272772367001039e+02
1.000000000000000000e+00 1.447272772367001039e+02
1.000000000000000000e+00 1.468323839587037867e+02
1.000000000000000000e+00 1.447272772367001039e+02
0.000000000000000000e+00 0.000000000000000000e+00
0.000000000000000000e+00 0.000000000000000000e+00
0.000000000000000000e+00 0.000000000000000000e+00
0.000000000000000000e+00 0.000000000000000000e+00
0.000000000000000000e+00 0.000000000000000000e+00
0.000000000000000000e+00 0.000000000000000000e+00
0.000000000000000000e+00 0.000000000000000000e+00
0.000000000000000000e+00 0.000000000000000000e+00
0.000000000000000000e+00 0.000000000000000000e+00
0.000000000000000000e+00 0.000000000000000000e+00
0.000000000000000000e+00 0.000000000000000000e+00
0.000000000000000000e+00 0.000000000000000000e+00
0.000000000000000000e+00 0.000000000000000000e+00
0.000000000000000000e+00 0.000000000000000000e+00
0.000000000000000000e+00 0.000000000000000000e+00
0.000000000000000000e+00 0.000000000000000000e+00
1.000000000000000000e+00 1.447272772367001039e+02
1.000000000000000000e+00 1.447272772367001039e+02
1.000000000000000000e+00 1.447272772367001039e+02
1.000000000000000000e+00 1.447272772367001039e+02
1.000000000000000000e+00 1.447272772367001039e+02
1.000000000000000000e+00 1.406071725916473554e+02
1.000000000000000000e+00 1.308127826502993116e+02
1.000000000000000000e+00 1.289373457701176733e+02
1.000000000000000000e+00 1.252667498232360686e+02
0.000000000000000000e+00 0.000000000000000000e+00
0.000000000000000000e+00 0.000000000000000000e+00
0.000000000000000000e+00 0.000000000000000000e+00
0.000000000000000000e+00 0.000000000000000000e+00
0.000000000000000000e+00 0.000000000000000000e+00
0.000000000000000000e+00 0.000000000000000000e+00
0.000000000000000000e+00 0.000000000000000000e+00
0.000000000000000000e+00 0.000000000000000000e+00
1.000000000000000000e+00 1.327154983880573980e+02
1.000000000000000000e+00 1.327154983880573980e+02
0.000000000000000000e+00 0.000000000000000000e+00
0.000000000000000000e+00 0.000000000000000000e+00
0.000000000000000000e+00 0.000000000000000000e+00
0.000000000000000000e+00 0.000000000000000000e+00
0.000000000000000000e+00 0.000000000000000000e+00
0.000000000000000000e+00 0.000000000000000000e+00
0.000000000000000000e+00 0.000000000000000000e+00
0.000000000000000000e+00 0.000000000000000000e+00
0.000000000000000000e+00 0.000000000000000000e+00
0.000000000000000000e+00 0.000000000000000000e+00
0.000000000000000000e+00 0.000000000000000000e+00
0.000000000000000000e+00 0.000000000000000000e+00
0.000000000000000000e+00 0.000000000000000000e+00
0.000000000000000000e+00 0.000000000000000000e+00
0.000000000000000000e+00 0.000000000000000000e+00
0.000000000000000000e+00 0.000000000000000000e+00
0.000000000000000000e+00 0.000000000000000000e+00
0.000000000000000000e+00 0.000000000000000000e+00
1.000000000000000000e+00 1.289373457701176733e+02
1.000000000000000000e+00 1.289373457701176733e+02
1.000000000000000000e+00 1.289373457701176733e+02
1.000000000000000000e+00 2.578746915402352897e+02
1.000000000000000000e+00 2.578746915402352897e+02
1.000000000000000000e+00 2.578746915402352897e+02
1.000000000000000000e+00 2.578746915402352897e+02
1.000000000000000000e+00 2.578746915402352897e+02
1.000000000000000000e+00 2.578746915402352897e+02
1.000000000000000000e+00 2.578746915402352897e+02
1.000000000000000000e+00 2.578746915402352897e+02
1.000000000000000000e+00 2.578746915402352897e+02
1.000000000000000000e+00 2.578746915402352897e+02
0.000000000000000000e+00 0.000000000000000000e+00
0.000000000000000000e+00 0.000000000000000000e+00
0.000000000000000000e+00 0.000000000000000000e+00
0.000000000000000000e+00 0.000000000000000000e+00
0.000000000000000000e+00 0.000000000000000000e+00
0.000000000000000000e+00 0.000000000000000000e+00
0.000000000000000000e+00 0.000000000000000000e+00
0.000000000000000000e+00 0.000000000000000000e+00
0.000000000000000000e+00 0.000000000000000000e+00
0.000000000000000000e+00 0.000000000000000000e+00
0.000000000000000000e+00 0.000000000000000000e+00
0.000000000000000000e+00 0.000000000000000000e+00
1.000000000000000000e+00 2.578746915402352897e+02
1.000000000000000000e+00 2.578746915402352897e+02
1.000000000000000000e+00 2.578746915402352897e+02
1.000000000000000000e+00 2.578746915402352897e+02
0.000000000000000000e+00 0.000000000000000000e+00
1.000000000000000000e+00 2.578746915402352897e+02
1.000000000000000000e+00 2.578746915402352897e+02
1.000000000000000000e+00 2.578746915402352897e+02
1.000000000000000000e+00 2.578746915402352897e+02
1.000000000000000000e+00 2.578746915402352897e+02
0.000000000000000000e+00 0.000000000000000000e+00
0.000000000000000000e+00 0.000000000000000000e+00
0.000000000000000000e+00 0.000000000000000000e+00
0.000000000000000000e+00 0.000000000000000000e+00
0.000000000000000000e+00 0.000000000000000000e+00
0.000000000000000000e+00 0.000000000000000000e+00
0.000000000000000000e+00 0.000000000000000000e+00
1.000000000000000000e+00 2.578746915402352897e+02
1.000000000000000000e+00 2.578746915402352897e+02
1.000000000000000000e+00 2.578746915402352897e+02
0.000000000000000000e+00 0.000000000000000000e+00
0.000000000000000000e+00 0.000000000000000000e+00
0.000000000000000000e+00 0.000000000000000000e+00
0.000000000000000000e+00 0.000000000000000000e+00
0.000000000000000000e+00 0.000000000000000000e+00
0.000000000000000000e+00 0.000000000000000000e+00
0.000000000000000000e+00 0.000000000000000000e+00
0.000000000000000000e+00 0.000000000000000000e+00
0.000000000000000000e+00 0.000000000000000000e+00
0.000000000000000000e+00 0.000000000000000000e+00
0.000000000000000000e+00 0.000000000000000000e+00
0.000000000000000000e+00 0.000000000000000000e+00
0.000000000000000000e+00 0.000000000000000000e+00
0.000000000000000000e+00 0.000000000000000000e+00
0.000000000000000000e+00 0.000000000000000000e+00
0.000000000000000000e+00 0.000000000000000000e+00
0.000000000000000000e+00 0.000000000000000000e+00
0.000000000000000000e+00 0.000000000000000000e+00
0.000000000000000000e+00 0.000000000000000000e+00
0.000000000000000000e+00 0.000000000000000000e+00
0.000000000000000000e+00 0.000000000000000000e+00
0.000000000000000000e+00 0.000000000000000000e+00
0.000000000000000000e+00 0.000000000000000000e+00
0.000000000000000000e+00 0.000000000000000000e+00
0.000000000000000000e+00 0.000000000000000000e+00
0.000000000000000000e+00 0.000000000000000000e+00
0.000000000000000000e+00 0.000000000000000000e+00
0.000000000000000000e+00 0.000000000000000000e+00
0.000000000000000000e+00 0.000000000000000000e+00
0.000000000000000000e+00 0.000000000000000000e+00
0.000000000000000000e+00 0.000000000000000000e+00
0.000000000000000000e+00 0.000000000000000000e+00
0.000000000000000000e+00 0.000000000000000000e+00
0.000000000000000000e+00 0.000000000000000000e+00
0.000000000000000000e+00 0.000000000000000000e+00
0.000000000000000000e+00 0.000000000000000000e+00
0.000000000000000000e+00 0.000000000000000000e+00
0.000000000000000000e+00 0.000000000000000000e+00
0.000000000000000000e+00 0.000000000000000000e+00
0.000000000000000000e+00 0.000000000000000000e+00
