0.000000000000000000e+00 0.000000000000000000e+00
0.000000000000000000e+00 0.000000000000000000e+00
0.000000000000000000e+00 0.000000000000000000e+00
0.000000000000000000e+00 0.000000000000000000e+00
1.000000000000000000e+00 2.771826309768720762e+02
1.000000000000000000e+00 2.771826309768720762e+02
1.000000000000000000e+00 2.732087186561664680e+02
1.000000000000000000e+00 2.732087186561664680e+02
1.000000000000000000e+00 2.732087186561664680e+02
1.000000000000000000e+00 2.732087186561664680e+02
1.000000000000000000e+00 2.732087186561664680e+02
1.000000000000000000e+00 2.771826309768720762e+02
1.000000000000000000e+00 2.771826309768720762e+02
1.000000000000000000e+00 2.771826309768720762e+02
1.000000000000000000e+00 2.771826309768720762e+02
1.000000000000000000e+00 2.771826309768720762e+02
1.000000000000000000e+00 2.732087186561664680e+02
1.000000000000000000e+00 2.732087186561664680e+02
1.000000000000000000e+00 2.732087186561664680e+02
1.000000000000000000e+00 2.771826309768720762e+02
1.000000000000000000e+00 2.771826309768720762e+02
1.000000000000000000e+00 2.812143451832947108e+02
1.000000000000000000e+00 2.812143451832947108e+02
1.000000000000000000e+00 2.771826309768720762e+02
1.000000000000000000e+00 2.771826309768720762e+02
1.000000000000000000e+00 2.732087186561664680e+02
1.000000000000000000e+00 2.732087186561664680e+02
1.000000000000000000e+00 2.732087186561664680e+02
1.000000000000000000e+00 2.771826309768720762e+02
1.000000000000000000e+00 2.812143451832947108e+02
1.000000000000000000e+00 2.812143451832947108e+02
1.000000000000000000e+00 2.812143451832947108e+02
1.000000000000000000e+00 2.771826309768720762e+02
1.000000000000000000e+00 2.732087186561664680e+02
1.000000000000000000e+00 2.732087186561664680e+02
1.000000000000000000e+00 2.771826309768720762e+02
1.000000000000000000e+00 2.771826309768720762e+02
1.000000000000000000e+00 2.812143451832947108e+02
1.000000000000000000e+00 2.812143451832947108e+02
1.000000000000000000e+00 2.812143451832947108e+02
1.000000000000000000e+00 2.771826309768720762e+02
1.000000000000000000e+00 2.732087186561664680e+02
1.000000000000000000e+00 2.732087186561664680e+02
1.000000000000000000e+00 2.732087186561664680e+02
1.000000000000000000e+00 2.771826309768720762e+02
1.000000000000000000e+00 2.771826309768720762e+02
1.000000000000000000e+00 2.853047020232221485e+02
1.000000000000000000e+00 2.853047020232221485e+02
1.000000000000000000e+00 2.853047020232221485e+02
1.000000000000000000e+00 2.771826309768720762e+02
1.000000000000000000e+00 2.732087186561664680e+02
1.000000000000000000e+00 2.692917795270241186e+02
1.000000000000000000e+00 2.732087186561664680e+02
1.000000000000000000e+00 2.771826309768720762e+02
1.000000000000000000e+00 2.812143451832947108e+02
1.000000000000000000e+00 2.812143451832947108e+02
1.000000000000000000e+00 2.771826309768720762e+02
1.000000000000000000e+00 2.771826309768720762e+02
1.000000000000000000e+00 2.732087186561664680e+02
1.000000000000000000e+00 2.771826309768720762e+02
1.000000000000000000e+00 2.771826309768720762e+02
1.000000000000000000e+00 2.771826309768720762e+02
0.000000000000000000e+00 0.000000000000000000e+00
0.000000000000000000e+00 0.000000000000000000e+00
0.000000000000000000e+00 0.000000000000000000e+00
0.000000000000000000e+00 0.000000000000000000e+00
0.000000000000000000e+00 0.000000000000000000e+00
0.000000000000000000e+00 0.000000000000000000e+00
0.000000000000000000e+00 0.000000000000000000e+00
1.000000000000000000e+00 3.202437002252812590e+02
1.000000000000000000e+00 3.202437002252812590e+02
1.000000000000000000e+00 3.202437002252812590e+02
0.000000000000000000e+00 0.000000000000000000e+00
0.000000000000000000e+00 0.000000000000000000e+00
0.000000000000000000e+00 0.000000000000000000e+00
0.000000000000000000e+00 0.000000000000000000e+00
0.000000000000000000e+00 0.000000000000000000e+00
0.000000000000000000e+00 0.000000000000000000e+00
0.000000000000000000e+00 0.000000000000000000e+00
0.000000000000000000e+00 0.000000000000000000e+00
0.000000000000000000e+00 0.000000000000000000e+00
0.000000000000000000e+00 0.000000000000000000e+00
0.000000000000000000e+00 0.000000000000000000e+00
1.000000000000000000e+00 3.543078730288359566e+02
1.000000000000000000e+00 3.543078730288359566e+02
1.000000000000000000e+00 3.543078730288359566e+02
1.000000000000000000e+00 3.543078730288359566e+02
1.000000000000000000e+00 3.543078730288359566e+02
1.000000000000000000e+00 3.543078730288359566e+02
1.000000000000000000e+00 3.543078730288359566e+02
1.000000000000000000e+00 3.492282314330038844e+02
0.000000000000000000e+00 0.000000000000000000e+00
0.000000000000000000e+00 0.000000000000000000e+00
0.000000000000000000e+00 0.000000000000000000e+00
1.000000000000000000e+00 2.578746915402352897e+02
0.000000000000000000e+00 0.000000000000000000e+00
1.000000000000000000e+00 2.654309967761147959e+02
0.000000000000000000e+00 0.000000000000000000e+00
1.000000000000000000e+00 2.771826309768720762e+02
0.000000000000000000e+00 0.000000000000000000e+00
0.000000000000000000e+00 0.000000000000000000e+00
0.000000000000000000e+00 0.000000000000000000e+00
0.000000000000000000e+00 0.000000000000000000e+00
0.000000000000000000e+00 0.000000000000000000e+00
0.000000000000000000e+00 0.000000000000000000e+00
0.000000000000000000e+00 0.000000000000000000e+00
0.000000000000000000e+00 0.000000000000000000e+00
0.000000000000000000e+00 0.000000000000000000e+00
1.000000000000000000e+00 3.156524299084200607e+02
1.000000000000000000e+00 3.156524299084200607e+02
1.000000000000000000e+00 3.111269837220809222e+02
1.000000000000000000e+00 3.066664179587798458e+02
1.000000000000000000e+00 3.066664179587798458e+02
1.000000000000000000e+00 3.111269837220809222e+02
1.000000000000000000e+00 3.111269837220809222e+02
1.000000000000000000e+00 3.111269837220809222e+02
1.000000000000000000e+00 3.111269837220809222e+02
1.000000000000000000e+00 3.111269837220809222e+02
1.000000000000000000e+00 3.066664179587798458e+02
1.000000000000000000e+00 3.066664179587798458e+02
1.000000000000000000e+00 3.022698024407795856e+02
1.000000000000000000e+00 3.066664179587798458e+02
1.000000000000000000e+00 3.066664179587798458e+02
1.000000000000000000e+00 3.111269837220809222e+02
1.000000000000000000e+00 3.111269837220809222e+02
1.000000000000000000e+00 3.111269837220809222e+02
1.000000000000000000e+00 3.111269837220809222e+02
1.000000000000000000e+00 3.111269837220809222e+02
1.000000000000000000e+00 3.111269837220809222e+02
1.000000000000000000e+00 3.066664179587798458e+02
1.000000000000000000e+00 3.066664179587798458e+02
1.000000000000000000e+00 3.066664179587798458e+02
1.000000000000000000e+00 3.066664179587798458e+02
0.000000000000000000e+00 0.000000000000000000e+00
0.000000000000000000e+00 0.000000000000000000e+00
0.000000000000000000e+00 0.000000000000000000e+00
1.000000000000000000e+00 3.156524299084200607e+02
1.000000000000000000e+00 3.156524299084200607e+02
1.000000000000000000e+00 3.156524299084200607e+02
1.000000000000000000e+00 3.156524299084200607e+02
1.000000000000000000e+00 3.202437002252812590e+02
1.000000000000000000e+00 3.202437002252812590e+02
1.000000000000000000e+00 3.202437002252812590e+02
1.000000000000000000e+00 3.202437002252812590e+02
1.000000000000000000e+00 3.202437002252812590e+02
0.000000000000000000e+00 0.000000000000000000e+00
0.000000000000000000e+00 0.000000000000000000e+00
1.000000000000000000e+00 3.543078730288359566e+02
1.000000000000000000e+00 3.594613997130419421e+02
1.000000000000000000e+00 3.594613997130419421e+02
1.000000000000000000e+00 3.543078730288359566e+02
1.000000000000000000e+00 3.543078730288359566e+02
1.000000000000000000e+00 3.492282314330038844e+02
0.000000000000000000e+00 0.000000000000000000e+00
0.000000000000000000e+00 0.000000000000000000e+00
0.000000000000000000e+00 0.000000000000000000e+00
1.000000000000000000e+00 3.543078730288359566e+02
1.000000000000000000e+00 3.543078730288359566e+02
1.000000000000000000e+00 3.543078730288359566e+02
0.000000000000000000e+00 0.000000000000000000e+00
0.000000000000000000e+00 0.000000000000000000e+00
0.000000000000000000e+00 0.000000000000000000e+00
0.000000000000000000e+00 0.000000000000000000e+00
1.000000000000000000e+00 3.066664179587798458e+02
1.000000000000000000e+00 3.066664179587798458e+02
1.000000000000000000e+00 3.066664179587798458e+02
1.000000000000000000e+00 3.066664179587798458e+02
1.000000000000000000e+00 3.066664179587798458e+02
1.000000000000000000e+00 3.111269837220809222e+02
1.000000000000000000e+00 3.066664179587798458e+02
0.000000000000000000e+00 0.000000000000000000e+00
0.000000000000000000e+00 0.000000000000000000e+00
0.000000000000000000e+00 0.000000000000000000e+00
0.000000000000000000e+00 0.000000000000000000e+00
1.000000000000000000e+00 2.137370270537932981e+02
1.000000000000000000e+00 2.106727217536862042e+02
1.000000000000000000e+00 2.106727217536862042e+02
1.000000000000000000e+00 2.106727217536862042e+02
1.000000000000000000e+00 2.106727217536862042e+02
1.000000000000000000e+00 2.076523487899725637e+02
1.000000000000000000e+00 2.076523487899725637e+02
1.000000000000000000e+00 2.076523487899725637e+02
1.000000000000000000e+00 2.046752783134722335e+02
1.000000000000000000e+00 2.046752783134722335e+02
1.000000000000000000e+00 2.046752783134722335e+02
1.000000000000000000e+00 2.076523487899725637e+02
1.000000000000000000e+00 2.106727217536862042e+02
0.000000000000000000e+00 0.000000000000000000e+00
0.000000000000000000e+00 0.000000000000000000e+00
0.000000000000000000e+00 0.000000000000000000e+00
0.000000000000000000e+00 0.000000000000000000e+00
0.000000000000000000e+00 0.000000000000000000e+00
1.000000000000000000e+00 2.017408895050276669e+02
1.000000000000000000e+00 2.017408895050276669e+02
1.000000000000000000e+00 2.017408895050276669e+02
1.000000000000000000e+00 2.076523487899725637e+02
1.000000000000000000e+00 2.106727217536862042e+02
1.000000000000000000e+00 2.137370270537932981e+02
1.000000000000000000e+00 2.137370270537932981e+02
0.000000000000000000e+00 0.000000000000000000e+00
0.000000000000000000e+00 0.000000000000000000e+00
1.000000000000000000e+00 1.959977179908746336e+02
1.000000000000000000e+00 1.988485704460422312e+02
1.000000000000000000e+00 2.017408895050276669e+02
1.000000000000000000e+00 2.076523487899725637e+02
1.000000000000000000e+00 2.076523487899725637e+02
1.000000000000000000e+00 2.076523487899725637e+02
1.000000000000000000e+00 2.076523487899725637e+02
1.000000000000000000e+00 2.017408895050276669e+02
1.000000000000000000e+00 2.017408895050276669e+02
1.000000000000000000e+00 2.046752783134722335e+02
1.000000000000000000e+00 2.076523487899725637e+02
1.000000000000000000e+00 2.106727217536862042e+02
1.000000000000000000e+00 2.106727217536862042e+02
1.000000000000000000e+00 2.106727217536862042e+02
1.000000000000000000e+00 2.076523487899725637e+02
0.000000000000000000e+00 0.000000000000000000e+00
1.000000000000000000e+00 2.017408895050276669e+02
1.000000000000000000e+00 1.988485704460422312e+02
1.000000000000000000e+00 2.017408895050276669e+02
1.000000000000000000e+00 2.017408895050276669e+02
1.000000000000000000e+00 2.046752783134722335e+02
1.000000000000000000e+00 2.046752783134722335e+02
0.000000000000000000e+00 0.000000000000000000e+00
0.000000000000000000e+00 0.000000000000000000e+00
0.000000000000000000e+00 0.000000000000000000e+00
0.000000000000000000e+00 0.000000000000000000e+00
0.000000000000000000e+00 0.000000000000000000e+00
0.000000000000000000e+00 0.000000000000000000e+00
0.000000000000000000e+00 0.000000000000000000e+00
0.000000000000000000e+00 0.000000000000000000e+00
0.000000000000000000e+00 0.000000000000000000e+00
0.000000000000000000e+00 0.000000000000000000e+00
0.000000000000000000e+00 0.000000000000000000e+00
0.000000000000000000e+00 0.000000000000000000e+00
0.000000000000000000e+00 0.000000000000000000e+00
0.000000000000000000e+00 0.000000000000000000e+00
0.000000000000000000e+00 0.000000000000000000e+00
0.000000000000000000e+00 0.000000000000000000e+00
0.000000000000000000e+00 0.000000000000000000e+00
0.000000000000000000e+00 0.000000000000000000e+00
0.000000000000000000e+00 0.000000000000000000e+00
0.000000000000000000e+00 0.000000000000000000e+00
0.000000000000000000e+00 0.000000000000000000e+00
0.000000000000000000e+00 0.000000000000000000e+00
0.000000000000000000e+00 0.000000000000000000e+00
0.000000000000000000e+00 0.000000000000000000e+00
0.000000000000000000e+00 0.000000000000000000e+00
0.000000000000000000e+00 0.000000000000000000e+00
1.000000000000000000e+00 7.030358629582367769e+01
0.000000000000000000e+00 0.000000000000000000e+00
0.000000000000000000e+00 0.000000000000000000e+00
0.000000000000000000e+00 0.000000000000000000e+00
0.000000000000000000e+00 0.000000000000000000e+00
1.000000000000000000e+00 6.635774919402871319e+01
1.000000000000000000e+00 6.635774919402871319e+01
1.000000000000000000e+00 6.635774919402871319e+01
1.000000000000000000e+00 6.635774919402871319e+01
0.000000000000000000e+00 0.000000000000000000e+00
0.000000000000000000e+00 0.000000000000000000e+00
0.000000000000000000e+00 0.000000000000000000e+00
0.000000000000000000e+00 0.000000000000000000e+00
0.000000000000000000e+00 0.000000000000000000e+00
0.000000000000000000e+00 0.000000000000000000e+00
0.000000000000000000e+00 0.000000000000000000e+00
0.000000000000000000e+00 0.000000000000000000e+00
0.000000000000000000e+00 0.000000000000000000e+00
0.000000000000000000e+00 0.000000000000000000e+00
1.000000000000000000e+00 2.399117011863566802e+02
1.000000000000000000e+00 2.399117011863566802e+02
1.000000000000000000e+00 2.399117011863566802e+02
1.000000000000000000e+00 2.399117011863566802e+02
1.000000000000000000e+00 2.399117011863566802e+02
1.000000000000000000e+00 2.399117011863566802e+02
1.000000000000000000e+00 2.364721347825532121e+02
1.000000000000000000e+00 2.330818807590449637e+02
1.000000000000000000e+00 2.330818807590449637e+02
0.000000000000000000e+00 0.000000000000000000e+00
0.000000000000000000e+00 0.000000000000000000e+00
1.000000000000000000e+00 2.578746915402352897e+02
1.000000000000000000e+00 2.578746915402352897e+02
1.000000000000000000e+00 2.578746915402352897e+02
1.000000000000000000e+00 2.578746915402352897e+02
1.000000000000000000e+00 2.578746915402352897e+02
1.000000000000000000e+00 2.578746915402352897e+02
1.000000000000000000e+00 2.578746915402352897e+02
1.000000000000000000e+00 2.578746915402352897e+02
1.000000000000000000e+00 2.578746915402352897e+02
1.000000000000000000e+00 2.578746915402352897e+02
1.000000000000000000e+00 2.578746915402352897e+02
0.000000000000000000e+00 0.000000000000000000e+00
0.000000000000000000e+00 0.000000000000000000e+00
1.000000000000000000e+00 2.812143451832947108e+02
1.000000000000000000e+00 2.812143451832947108e+02
1.000000000000000000e+00 2.771826309768720762e+02
1.000000000000000000e+00 2.771826309768720762e+02
1.000000000000000000e+00 2.732087186561664680e+02
1.000000000000000000e+00 2.732087186561664680e+02
1.000000000000000000e+00 2.771826309768720762e+02
1.000000000000000000e+00 2.771826309768720762e+02
0.000000000000000000e+00 0.000000000000000000e+00
0.000000000000000000e+00 0.000000000000000000e+00
0.000000000000000000e+00 0.000000000000000000e+00
0.000000000000000000e+00 0.000000000000000000e+00
0.000000000000000000e+00 0.000000000000000000e+00
0.000000000000000000e+00 0.000000000000000000e+00
1.000000000000000000e+00 2.399117011863566802e+02
1.000000000000000000e+00 2.399117011863566802e+02
1.000000000000000000e+00 2.399117011863566802e+02
1.000000000000000000e+00 2.364721347825532121e+02
1.000000000000000000e+00 2.330818807590449637e+02
1.000000000000000000e+00 2.297402321340310323e+02
1.000000000000000000e+00 2.297402321340310323e+02
0.000000000000000000e+00 0.000000000000000000e+00
1.000000000000000000e+00 2.364721347825532121e+02
1.000000000000000000e+00 2.399117011863566802e+02
1.000000000000000000e+00 2.364721347825532121e+02
0.000000000000000000e+00 0.000000000000000000e+00
0.000000000000000000e+00 0.000000000000000000e+00
0.000000000000000000e+00 0.000000000000000000e+00
0.000000000000000000e+00 0.000000000000000000e+00
0.000000000000000000e+00 0.000000000000000000e+00
0.000000000000000000e+00 0.000000000000000000e+00
0.000000000000000000e+00 0.000000000000000000e+00
0.000000000000000000e+00 0.000000000000000000e+00
0.000000000000000000e+00 0.000000000000000000e+00
0.000000000000000000e+00 0.000000000000000000e+00
0.000000000000000000e+00 0.000000000000000000e+00
0.000000000000000000e+00 0.000000000000000000e+00
0.000000000000000000e+00 0.000000000000000000e+00
0.000000000000000000e+00 0.000000000000000000e+00
0.000000000000000000e+00 0.000000000000000000e+00
0.000000000000000000e+00 0.000000000000000000e+00
0.000000000000000000e+00 0.000000000000000000e+00
1.000000000000000000e+00 3.156524299084200607e+02
1.000000000000000000e+00 3.111269837220809222e+02
1.000000000000000000e+00 3.066664179587798458e+02
1.000000000000000000e+00 3.022698024407795856e+02
1.000000000000000000e+00 3.022698024407795856e+02
1.000000000000000000e+00 3.066664179587798458e+02
1.000000000000000000e+00 3.111269837220809222e+02
1.000000000000000000e+00 3.111269837220809222e+02
1.000000000000000000e+00 3.066664179587798458e+02
1.000000000000000000e+00 3.066664179587798458e+02
0.000000000000000000e+00 0.000000000000000000e+00
0.000000000000000000e+00 0.000000000000000000e+00
0.000000000000000000e+00 0.000000000000000000e+00
0.000000000000000000e+00 0.000000000000000000e+00
0.000000000000000000e+00 0.000000000000000000e+00
0.000000000000000000e+00 0.000000000000000000e+00
0.000000000000000000e+00 0.000000000000000000e+00
0.000000000000000000e+00 0.000000000000000000e+00
0.000000000000000000e+00 0.000000000000000000e+00
0.000000000000000000e+00 0.000000000000000000e+00
1.000000000000000000e+00 7.030358629582367769e+01
0.000000000000000000e+00 0.000000000000000000e+00
0.000000000000000000e+00 0.000000000000000000e+00
0.000000000000000000e+00 0.000000000000000000e+00
0.000000000000000000e+00 0.000000000000000000e+00
0.000000000000000000e+00 0.000000000000000000e+00
1.000000000000000000e+00 3.111269837220809222e+02
1.000000000000000000e+00 3.066664179587798458e+02
1.000000000000000000e+00 3.066664179587798458e+02
1.000000000000000000e+00 3.022698024407795856e+02
1.000000000000000000e+00 3.022698024407795856e+02
1.000000000000000000e+00 3.066664179587798458e+02
0.000000000000000000e+00 0.000000000000000000e+00
1.000000000000000000e+00 3.202437002252812590e+02
1.000000000000000000e+00 3.202437002252812590e+02
0.000000000000000000e+00 0.000000000000000000e+00
1.000000000000000000e+00 3.022698024407795856e+02
1.000000000000000000e+00 2.979362203261163700e+02
0.000000000000000000e+00 0.000000000000000000e+00
0.000000000000000000e+00 0.000000000000000000e+00
1.000000000000000000e+00 3.111269837220809222e+02
1.000000000000000000e+00 3.156524299084200607e+02
1.000000000000000000e+00 3.111269837220809222e+02
0.000000000000000000e+00 0.000000000000000000e+00
0.000000000000000000e+00 0.000000000000000000e+00
0.000000000000000000e+00 0.000000000000000000e+00
0.000000000000000000e+00 0.000000000000000000e+00
0.000000000000000000e+00 0.000000000000000000e+00
0.000000000000000000e+00 0.000000000000000000e+00
0.000000000000000000e+00 0.000000000000000000e+00
0.000000000000000000e+00 0.000000000000000000e+00
0.000000000000000000e+00 0.000000000000000000e+00
0.000000000000000000e+00 0.000000000000000000e+00
0.000000000000000000e+00 0.000000000000000000e+00
0.000000000000000000e+00 0.000000000000000000e+00
0.000000000000000000e+00 0.000000000000000000e+00
0.000000000000000000e+00 0.000000000000000000e+00
0.000000000000000000e+00 0.000000000000000000e+00
0.000000000000000000e+00 0.000000000000000000e+00
0.000000000000000000e+00 0.000000000000000000e+00
0.000000000000000000e+00 0.000000000000000000e+00
0.000000000000000000e+00 0.000000000000000000e+00
0.000000000000000000e+00 0.000000000000000000e+00
0.000000000000000000e+00 0.000000000000000000e+00
0.000000000000000000e+00 0.000000000000000000e+00
0.000000000000000000e+00 0.000000000000000000e+00
1.000000000000000000e+00 2.106727217536862042e+02
1.000000000000000000e+00 2.106727217536862042e+02
1.000000000000000000e+00 2.106727217536862042e+02
0.000000000000000000e+00 0.000000000000000000e+00
0.000000000000000000e+00 0.000000000000000000e+00
0.000000000000000000e+00 0.000000000000000000e+00
0.000000000000000000e+00 0.000000000000000000e+00
0.000000000000000000e+00 0.000000000000000000e+00
0.000000000000000000e+00 0.000000000000000000e+00
0.000000000000000000e+00 0.000000000000000000e+00
0.000000000000000000e+00 0.000000000000000000e+00
0.000000000000000000e+00 0.000000000000000000e+00
0.000000000000000000e+00 0.000000000000000000e+00
0.000000000000000000e+00 0.000000000000000000e+00
0.000000000000000000e+00 0.000000000000000000e+00
0.000000000000000000e+00 0.000000000000000000e+00
0.000000000000000000e+00 0.000000000000000000e+00
1.000000000000000000e+00 2.364721347825532121e+02
0.000000000000000000e+00 0.000000000000000000e+00
0.000000000000000000e+00 0.000000000000000000e+00
0.000000000000000000e+00 0.000000000000000000e+00
0.000000000000000000e+00 0.000000000000000000e+00
0.000000000000000000e+00 0.000000000000000000e+00
0.000000000000000000e+00 0.000000000000000000e+00
0.000000000000000000e+00 0.000000000000000000e+00
0.000000000000000000e+00 0.000000000000000000e+00
0.000000000000000000e+00 0.000000000000000000e+00
1.000000000000000000e+00 3.543078730288359566e+02
1.000000000000000000e+00 3.543078730288359566e+02
1.000000000000000000e+00 3.543078730288359566e+02
1.000000000000000000e+00 3.543078730288359566e+02
1.000000000000000000e+00 3.492282314330038844e+02
1.000000000000000000e+00 3.492282314330038844e+02
1.000000000000000000e+00 3.492282314330038844e+02
1.000000000000000000e+00 3.492282314330038844e+02
0.000000000000000000e+00 0.000000000000000000e+00
0.000000000000000000e+00 0.000000000000000000e+00
0.000000000000000000e+00 0.000000000000000000e+00
0.000000000000000000e+00 0.000000000000000000e+00
0.000000000000000000e+00 0.000000000000000000e+00
0.000000000000000000e+00 0.000000000000000000e+00
0.000000000000000000e+00 0.000000000000000000e+00
0.000000000000000000e+00 0.000000000000000000e+00
0.000000000000000000e+00 0.000000000000000000e+00
0.000000000000000000e+00 0.000000000000000000e+00
0.000000000000000000e+00 0.000000000000000000e+00
1.000000000000000000e+00 3.492282314330038844e+02
1.000000000000000000e+00 3.543078730288359566e+02
1.000000000000000000e+00 3.543078730288359566e+02
1.000000000000000000e+00 3.492282314330038844e+02
1.000000000000000000e+00 3.442214156497103090e+02
1.000000000000000000e+00 3.442214156497103090e+02
1.000000000000000000e+00 3.492282314330038844e+02
1.000000000000000000e+00 3.492282314330038844e+02
1.000000000000000000e+00 3.543078730288359566e+02
1.000000000000000000e+00 3.543078730288359566e+02
1.000000000000000000e+00 3.543078730288359566e+02
1.000000000000000000e+00 3.543078730288359566e+02
1.000000000000000000e+00 3.543078730288359566e+02
1.000000000000000000e+00 3.492282314330038844e+02
1.000000000000000000e+00 3.492282314330038844e+02
1.000000000000000000e+00 3.492282314330038844e+02
0.000000000000000000e+00 0.000000000000000000e+00
1.000000000000000000e+00 3.202437002252812590e+02
1.000000000000000000e+00 3.156524299084200607e+02
1.000000000000000000e+00 3.156524299084200607e+02
1.000000000000000000e+00 3.156524299084200607e+02
1.000000000000000000e+00 3.156524299084200607e+02
1.000000000000000000e+00 3.156524299084200607e+02
1.000000000000000000e+00 3.156524299084200607e+02
1.000000000000000000e+00 3.156524299084200607e+02
1.000000000000000000e+00 3.156524299084200607e+02
1.000000000000000000e+00 3.156524299084200607e+02
1.000000000000000000e+00 3.156524299084200607e+02
1.000000000000000000e+00 3.156524299084200607e+02
1.000000000000000000e+00 3.156524299084200607e+02
1.000000000000000000e+00 3.156524299084200607e+02
1.000000000000000000e+00 3.111269837220809222e+02
1.000000000000000000e+00 3.156524299084200607e+02
1.000000000000000000e+00 3.156524299084200607e+02
1.000000000000000000e+00 3.156524299084200607e+02
1.000000000000000000e+00 3.202437002252812590e+02
1.000000000000000000e+00 3.156524299084200607e+02
1.000000000000000000e+00 3.156524299084200607e+02
1.000000000000000000e+00 3.156524299084200607e+02
1.000000000000000000e+00 3.156524299084200607e+02
1.000000000000000000e+00 3.156524299084200607e+02
1.000000000000000000e+00 3.156524299084200607e+02
0.000000000000000000e+00 0.000000000000000000e+00
0.000000000000000000e+00 0.000000000000000000e+00
0.000000000000000000e+00 0.000000000000000000e+00
0.000000000000000000e+00 0.000000000000000000e+00
0.000000000000000000e+00 0.000000000000000000e+00
0.000000000000000000e+00 0.000000000000000000e+00
0.000000000000000000e+00 0.000000000000000000e+00
0.000000000000000000e+00 0.000000000000000000e+00
0.000000000000000000e+00 0.000000000000000000e+00
0.000000000000000000e+00 0.000000000000000000e+00
0.000000000000000000e+00 0.000000000000000000e+00
0.000000000000000000e+00 0.000000000000000000e+00
0.000000000000000000e+00 0.000000000000000000e+00
0.000000000000000000e+00 0.000000000000000000e+00
0.000000000000000000e+00 0.000000000000000000e+00
0.000000000000000000e+00 0.000000000000000000e+00
0.000000000000000000e+00 0.000000000000000000e+00
0.000000000000000000e+00 0.000000000000000000e+00
0.000000000000000000e+00 0.000000000000000000e+00
0.000000000000000000e+00 0.000000000000000000e+00
0.000000000000000000e+00 0.000000000000000000e+00
0.000000000000000000e+00 0.000000000000000000e+00
1.000000000000000000e+00 2.364721347825532121e+02
1.000000000000000000e+00 2.364721347825532121e+02
0.000000000000000000e+00 0.000000000000000000e+00
0.000000000000000000e+00 0.000000000000000000e+00
0.000000000000000000e+00 0.000000000000000000e+00
0.000000000000000000e+00 0.000000000000000000e+00
1.000000000000000000e+00 2.616255653005986233e+02
1.000000000000000000e+00 2.654309967761147959e+02
1.000000000000000000e+00 2.654309967761147959e+02
0.000000000000000000e+00 0.000000000000000000e+00
0.000000000000000000e+00 0.000000000000000000e+00
1.000000000000000000e+00 2.297402321340310323e+02
1.000000000000000000e+00 2.297402321340310323e+02
1.000000000000000000e+00 2.297402321340310323e+02
0.000000000000000000e+00 0.000000000000000000e+00
0.000000000000000000e+00 0.000000000000000000e+00
0.000000000000000000e+00 0.000000000000000000e+00
0.000000000000000000e+00 0.000000000000000000e+00
0.000000000000000000e+00 0.000000000000000000e+00
1.000000000000000000e+00 3.066664179587798458e+02
1.000000000000000000e+00 3.066664179587798458e+02
1.000000000000000000e+00 3.066664179587798458e+02
1.000000000000000000e+00 3.066664179587798458e+02
1.000000000000000000e+00 3.066664179587798458e+02
1.000000000000000000e+00 3.156524299084200607e+02
1.000000000000000000e+00 3.156524299084200607e+02
1.000000000000000000e+00 3.156524299084200607e+02
1.000000000000000000e+00 3.111269837220809222e+02
0.000000000000000000e+00 0.000000000000000000e+00
0.000000000000000000e+00 0.000000000000000000e+00
0.000000000000000000e+00 0.000000000000000000e+00
0.000000000000000000e+00 0.000000000000000000e+00
0.000000000000000000e+00 0.000000000000000000e+00
0.000000000000000000e+00 0.000000000000000000e+00
0.000000000000000000e+00 0.000000000000000000e+00
0.000000000000000000e+00 0.000000000000000000e+00
0.000000000000000000e+00 0.000000000000000000e+00
0.000000000000000000e+00 0.000000000000000000e+00
0.000000000000000000e+00 0.000000000000000000e+00
1.000000000000000000e+00 3.202437002252812590e+02
1.000000000000000000e+00 3.202437002252812590e+02
1.000000000000000000e+00 3.156524299084200607e+02
1.000000000000000000e+00 3.111269837220809222e+02
1.000000000000000000e+00 3.022698024407795856e+02
1.000000000000000000e+00 3.022698024407795856e+02
1.000000000000000000e+00 3.022698024407795856e+02
0.000000000000000000e+00 0.000000000000000000e+00
1.000000000000000000e+00 3.202437002252812590e+02
1.000000000000000000e+00 3.202437002252812590e+02
1.000000000000000000e+00 3.202437002252812590e+02
1.000000000000000000e+00 3.156524299084200607e+02
1.000000000000000000e+00 3.066664179587798458e+02
1.000000000000000000e+00 3.022698024407795856e+02
1.000000000000000000e+00 3.066664179587798458e+02
1.000000000000000000e+00 3.066664179587798458e+02
1.000000000000000000e+00 3.066664179587798458e+02
1.000000000000000000e+00 3.111269837220809222e+02
0.000000000000000000e+00 0.000000000000000000e+00
1.000000000000000000e+00 2.812143451832947108e+02
1.000000000000000000e+00 2.812143451832947108e+02
1.000000000000000000e+00 2.812143451832947108e+02
1.000000000000000000e+00 2.812143451832947108e+02
1.000000000000000000e+00 2.771826309768720762e+02
1.000000000000000000e+00 2.771826309768720762e+02
1.000000000000000000e+00 2.771826309768720762e+02
1.000000000000000000e+00 2.771826309768720762e+02
1.000000000000000000e+00 2.771826309768720762e+02
1.000000000000000000e+00 2.812143451832947108e+02
1.000000000000000000e+00 2.812143451832947108e+02
1.000000000000000000e+00 2.771826309768720762e+02
1.000000000000000000e+00 2.771826309768720762e+02
1.000000000000000000e+00 2.732087186561664680e+02
1.000000000000000000e+00 2.692917795270241186e+02
1.000000000000000000e+00 2.654309967761147959e+02
1.000000000000000000e+00 2.654309967761147959e+02
1.000000000000000000e+00 2.654309967761147959e+02
1.000000000000000000e+00 2.654309967761147959e+02
0.000000000000000000e+00 0.000000000000000000e+00
0.000000000000000000e+00 0.000000000000000000e+00
0.000000000000000000e+00 0.000000000000000000e+00
0.000000000000000000e+00 0.000000000000000000e+00
0.000000000000000000e+00 0.000000000000000000e+00
1.000000000000000000e+00 2.330818807590449637e+02
1.000000000000000000e+00 2.330818807590449637e+02
1.000000000000000000e+00 2.330818807590449637e+02
1.000000000000000000e+00 2.297402321340310323e+02
0.000000000000000000e+00 0.000000000000000000e+00
0.000000000000000000e+00 0.000000000000000000e+00
0.000000000000000000e+00 0.000000000000000000e+00
0.000000000000000000e+00 0.000000000000000000e+00
0.000000000000000000e+00 0.000000000000000000e+00
0.000000000000000000e+00 0.000000000000000000e+00
0.000000000000000000e+00 0.000000000000000000e+00
0.000000000000000000e+00 0.000000000000000000e+00
0.000000000000000000e+00 0.000000000000000000e+00
0.000000000000000000e+00 0.000000000000000000e+00
0.000000000000000000e+00 0.000000000000000000e+00
0.000000000000000000e+00 0.000000000000000000e+00
0.000000000000000000e+00 0.000000000000000000e+00
1.000000000000000000e+00 2.076523487899725637e+02
1.000000000000000000e+00 2.076523487899725637e+02
1.000000000000000000e+00 2.076523487899725637e+02
1.000000000000000000e+00 2.076523487899725637e+02
0.000000000000000000e+00 0.000000000000000000e+00
0.000000000000000000e+00 0.000000000000000000e+00
0.000000000000000000e+00 0.000000000000000000e+00
0.000000000000000000e+00 0.000000000000000000e+00
0.000000000000000000e+00 0.000000000000000000e+00
0.000000000000000000e+00 0.000000000000000000e+00
0.000000000000000000e+00 0.000000000000000000e+00
0.000000000000000000e+00 0.000000000000000000e+00
0.000000000000000000e+00 0.000000000000000000e+00
1.000000000000000000e+00 2.692917795270241186e+02
1.000000000000000000e+00 2.692917795270241186e+02
1.000000000000000000e+00 2.692917795270241186e+02
0.000000000000000000e+00 0.000000000000000000e+00
0.000000000000000000e+00 0.000000000000000000e+00
0.000000000000000000e+00 0.000000000000000000e+00
0.000000000000000000e+00 0.000000000000000000e+00
0.000000000000000000e+00 0.000000000000000000e+00
0.000000000000000000e+00 0.000000000000000000e+00
1.000000000000000000e+00 2.330818807590449637e+02
0.000000000000000000e+00 0.000000000000000000e+00
0.000000000000000000e+00 0.000000000000000000e+00
1.000000000000000000e+00 2.654309967761147959e+02
0.000000000000000000e+00 0.000000000000000000e+00
1.000000000000000000e+00 2.812143451832947108e+02
1.000000000000000000e+00 2.812143451832947108e+02
1.000000000000000000e+00 2.812143451832947108e+02
1.000000000000000000e+00 2.771826309768720762e+02
1.000000000000000000e+00 2.692917795270241186e+02
1.000000000000000000e+00 2.692917795270241186e+02
1.000000000000000000e+00 2.771826309768720762e+02
1.000000000000000000e+00 2.771826309768720762e+02
1.000000000000000000e+00 2.812143451832947108e+02
1.000000000000000000e+00 2.812143451832947108e+02
1.000000000000000000e+00 2.771826309768720762e+02
1.000000000000000000e+00 2.692917795270241186e+02
1.000000000000000000e+00 2.692917795270241186e+02
1.000000000000000000e+00 2.692917795270241186e+02
1.000000000000000000e+00 2.771826309768720762e+02
1.000000000000000000e+00 2.812143451832947108e+02
1.000000000000000000e+00 2.812143451832947108e+02
1.000000000000000000e+00 2.812143451832947108e+02
1.000000000000000000e+00 2.771826309768720762e+02
1.000000000000000000e+00 2.732087186561664680e+02
1.000000000000000000e+00 2.732087186561664680e+02
1.000000000000000000e+00 2.771826309768720762e+02
1.000000000000000000e+00 2.812143451832947108e+02
1.000000000000000000e+00 2.812143451832947108e+02
1.000000000000000000e+00 2.812143451832947108e+02
0.000000000000000000e+00 0.000000000000000000e+00
1.000000000000000000e+00 3.066664179587798458e+02
1.000000000000000000e+00 3.111269837220809222e+02
1.000000000000000000e+00 3.111269837220809222e+02
1.000000000000000000e+00 3.066664179587798458e+02
1.000000000000000000e+00 3.066664179587798458e+02
1.000000000000000000e+00 3.066664179587798458e+02
1.000000000000000000e+00 3.066664179587798458e+02
0.000000000000000000e+00 0.000000000000000000e+00
1.000000000000000000e+00 2.812143451832947108e+02
1.000000000000000000e+00 2.812143451832947108e+02
0.000000000000000000e+00 0.000000000000000000e+00
0.000000000000000000e+00 0.000000000000000000e+00
0.000000000000000000e+00 0.000000000000000000e+00
0.000000000000000000e+00 0.000000000000000000e+00
1.000000000000000000e+00 2.434012972355433533e+02
1.000000000000000000e+00 2.399117011863566802e+02
1.000000000000000000e+00 2.399117011863566802e+02
1.000000000000000000e+00 2.399117011863566802e+02
1.000000000000000000e+00 2.505334996464721371e+02
1.000000000000000000e+00 2.541775933119000399e+02
1.000000000000000000e+00 2.578746915402352897e+02
1.000000000000000000e+00 2.578746915402352897e+02
1.000000000000000000e+00 2.541775933119000399e+02
1.000000000000000000e+00 2.469416506280620638e+02
1.000000000000000000e+00 2.469416506280620638e+02
0.000000000000000000e+00 0.000000000000000000e+00
0.000000000000000000e+00 0.000000000000000000e+00
0.000000000000000000e+00 0.000000000000000000e+00
0.000000000000000000e+00 0.000000000000000000e+00
1.000000000000000000e+00 2.364721347825532121e+02
1.000000000000000000e+00 2.364721347825532121e+02
1.000000000000000000e+00 2.364721347825532121e+02
1.000000000000000000e+00 2.364721347825532121e+02
1.000000000000000000e+00 2.330818807590449637e+02
1.000000000000000000e+00 2.297402321340310323e+02
1.000000000000000000e+00 2.264464920615682502e+02
0.000000000000000000e+00 0.000000000000000000e+00
0.000000000000000000e+00 0.000000000000000000e+00
0.000000000000000000e+00 0.000000000000000000e+00
0.000000000000000000e+00 0.000000000000000000e+00
1.000000000000000000e+00 2.106727217536862042e+02
1.000000000000000000e+00 2.106727217536862042e+02
1.000000000000000000e+00 2.076523487899725637e+02
1.000000000000000000e+00 2.046752783134722335e+02
1.000000000000000000e+00 2.017408895050276669e+02
1.000000000000000000e+00 2.046752783134722335e+02
1.000000000000000000e+00 2.106727217536862042e+02
1.000000000000000000e+00 2.106727217536862042e+02
1.000000000000000000e+00 2.137370270537932981e+02
1.000000000000000000e+00 2.106727217536862042e+02
0.000000000000000000e+00 0.000000000000000000e+00
0.000000000000000000e+00 0.000000000000000000e+00
0.000000000000000000e+00 0.000000000000000000e+00
0.000000000000000000e+00 0.000000000000000000e+00
0.000000000000000000e+00 0.000000000000000000e+00
0.000000000000000000e+00 0.000000000000000000e+00
0.000000000000000000e+00 0.000000000000000000e+00
0.000000000000000000e+00 0.000000000000000000e+00
1.000000000000000000e+00 2.106727217536862042e+02
1.000000000000000000e+00 2.106727217536862042e+02
1.000000000000000000e+00 2.106727217536862042e+02
1.000000000000000000e+00 2.106727217536862042e+02
0.000000000000000000e+00 0.000000000000000000e+00
0.000000000000000000e+00 0.000000000000000000e+00
0.000000000000000000e+00 0.000000000000000000e+00
0.000000000000000000e+00 0.000000000000000000e+00
0.000000000000000000e+00 0.000000000000000000e+00
0.000000000000000000e+00 0.000000000000000000e+00
1.000000000000000000e+00 2.106727217536862042e+02
1.000000000000000000e+00 2.076523487899725637e+02
1.000000000000000000e+00 2.076523487899725637e+02
1.000000000000000000e+00 2.076523487899725637e+02
1.000000000000000000e+00 2.106727217536862042e+02
1.000000000000000000e+00 2.106727217536862042e+02
1.000000000000000000e+00 2.106727217536862042e+02
1.000000000000000000e+00 2.106727217536862042e+02
0.000000000000000000e+00 0.000000000000000000e+00
0.000000000000000000e+00 0.000000000000000000e+00
0.000000000000000000e+00 0.000000000000000000e+00
0.000000000000000000e+00 0.000000000000000000e+00
0.000000000000000000e+00 0.000000000000000000e+00
1.000000000000000000e+00 2.894545544734002647e+02
1.000000000000000000e+00 2.936647679174075733e+02
1.000000000000000000e+00 2.979362203261163700e+02
1.000000000000000000e+00 3.022698024407795856e+02
1.000000000000000000e+00 3.066664179587798458e+02
1.000000000000000000e+00 3.156524299084200607e+02
1.000000000000000000e+00 3.156524299084200607e+02
1.000000000000000000e+00 3.156524299084200607e+02
1.000000000000000000e+00 3.156524299084200607e+02
1.000000000000000000e+00 3.156524299084200607e+02
1.000000000000000000e+00 3.156524299084200607e+02
1.000000000000000000e+00 3.156524299084200607e+02
1.000000000000000000e+00 3.156524299084200607e+02
1.000000000000000000e+00 3.156524299084200607e+02
1.000000000000000000e+00 3.156524299084200607e+02
1.000000000000000000e+00 3.156524299084200607e+02
1.000000000000000000e+00 3.156524299084200607e+02
0.000000000000000000e+00 0.000000000000000000e+00
0.000000000000000000e+00 0.000000000000000000e+00
0.000000000000000000e+00 0.000000000000000000e+00
0.000000000000000000e+00 0.000000000000000000e+00
0.000000000000000000e+00 0.000000000000000000e+00
0.000000000000000000e+00 0.000000000000000000e+00
0.000000000000000000e+00 0.000000000000000000e+00
1.000000000000000000e+00 2.936647679174075733e+02
1.000000000000000000e+00 2.936647679174075733e+02
1.000000000000000000e+00 2.812143451832947108e+02
1.000000000000000000e+00 2.771826309768720762e+02
1.000000000000000000e+00 2.692917795270241186e+02
1.000000000000000000e+00 2.692917795270241186e+02
1.000000000000000000e+00 2.771826309768720762e+02
1.000000000000000000e+00 2.812143451832947108e+02
1.000000000000000000e+00 2.853047020232221485e+02
1.000000000000000000e+00 2.853047020232221485e+02
1.000000000000000000e+00 2.853047020232221485e+02
1.000000000000000000e+00 2.771826309768720762e+02
1.000000000000000000e+00 2.692917795270241186e+02
1.000000000000000000e+00 2.654309967761147959e+02
1.000000000000000000e+00 2.692917795270241186e+02
1.000000000000000000e+00 2.771826309768720762e+02
1.000000000000000000e+00 2.812143451832947108e+02
1.000000000000000000e+00 2.853047020232221485e+02
1.000000000000000000e+00 2.853047020232221485e+02
1.000000000000000000e+00 2.812143451832947108e+02
1.000000000000000000e+00 2.812143451832947108e+02
1.000000000000000000e+00 2.812143451832947108e+02
0.000000000000000000e+00 0.000000000000000000e+00
0.000000000000000000e+00 0.000000000000000000e+00
0.000000000000000000e+00 0.000000000000000000e+00
0.000000000000000000e+00 0.000000000000000000e+00
0.000000000000000000e+00 0.000000000000000000e+00
1.000000000000000000e+00 2.853047020232221485e+02
1.000000000000000000e+00 2.812143451832947108e+02
1.000000000000000000e+00 2.812143451832947108e+02
1.000000000000000000e+00 2.812143451832947108e+02
1.000000000000000000e+00 2.812143451832947108e+02
1.000000000000000000e+00 2.812143451832947108e+02
1.000000000000000000e+00 2.812143451832947108e+02
1.000000000000000000e+00 2.812143451832947108e+02
1.000000000000000000e+00 2.812143451832947108e+02
1.000000000000000000e+00 2.812143451832947108e+02
0.000000000000000000e+00 0.000000000000000000e+00
0.000000000000000000e+00 0.000000000000000000e+00
0.000000000000000000e+00 0.000000000000000000e+00
0.000000000000000000e+00 0.000000000000000000e+00
0.000000000000000000e+00 0.000000000000000000e+00
0.000000000000000000e+00 0.000000000000000000e+00
0.000000000000000000e+00 0.000000000000000000e+00
0.000000000000000000e+00 0.000000000000000000e+00
0.000000000000000000e+00 0.000000000000000000e+00
0.000000000000000000e+00 0.000000000000000000e+00
0.000000000000000000e+00 0.000000000000000000e+00
0.000000000000000000e+00 0.000000000000000000e+00
0.000000000000000000e+00 0.000000000000000000e+00
0.000000000000000000e+00 0.000000000000000000e+00
0.000000000000000000e+00 0.000000000000000000e+00
0.000000000000000000e+00 0.000000000000000000e+00
0.000000000000000000e+00 0.000000000000000000e+00
0.000000000000000000e+00 0.000000000000000000e+00
0.000000000000000000e+00 0.000000000000000000e+00
0.000000000000000000e+00 0.000000000000000000e+00
0.000000000000000000e+00 0.000000000000000000e+00
0.000000000000000000e+00 0.000000000000000000e+00
0.000000000000000000e+00 0.000000000000000000e+00
0.000000000000000000e+00 0.000000000000000000e+00
0.000000000000000000e+00 0.000000000000000000e+00
0.000000000000000000e+00 0.000000000000000000e+00
0.000000000000000000e+00 0.000000000000000000e+00
0.000000000000000000e+00 0.000000000000000000e+00
0.000000000000000000e+00 0.000000000000000000e+00
0.000000000000000000e+00 0.000000000000000000e+00
0.000000000000000000e+00 0.000000000000000000e+00
0.000000000000000000e+00 0.000000000000000000e+00
0.000000000000000000e+00 0.000000000000000000e+00
0.000000000000000000e+00 0.000000000000000000e+00
0.000000000000000000e+00 0.000000000000000000e+00
1.000000000000000000e+00 2.364721347825532121e+02
1.000000000000000000e+00 2.364721347825532121e+02
0.000000000000000000e+00 0.000000000000000000e+00
0.000000000000000000e+00 0.000000000000000000e+00
0.000000000000000000e+00 0.000000000000000000e+00
0.000000000000000000e+00 0.000000000000000000e+00
0.000000000000000000e+00 0.000000000000000000e+00
1.000000000000000000e+00 3.392863815897469522e+02
0.000000000000000000e+00 0.000000000000000000e+00
0.000000000000000000e+00 0.000000000000000000e+00
1.000000000000000000e+00 3.492282314330038844e+02
1.000000000000000000e+00 3.492282314330038844e+02
1.000000000000000000e+00 3.492282314330038844e+02
1.000000000000000000e+00 3.442214156497103090e+02
1.000000000000000000e+00 3.442214156497103090e+02
1.000000000000000000e+00 3.492282314330038844e+02
1.000000000000000000e+00 3.492282314330038844e+02
0.000000000000000000e+00 0.000000000000000000e+00
0.000000000000000000e+00 0.000000000000000000e+00
0.000000000000000000e+00 0.000000000000000000e+00
0.000000000000000000e+00 0.000000000000000000e+00
0.000000000000000000e+00 0.000000000000000000e+00
0.000000000000000000e+00 0.000000000000000000e+00
0.000000000000000000e+00 0.000000000000000000e+00
0.000000000000000000e+00 0.000000000000000000e+00
0.000000000000000000e+00 0.000000000000000000e+00
0.000000000000000000e+00 0.000000000000000000e+00
1.000000000000000000e+00 3.344221001328052694e+02
0.000000000000000000e+00 0.000000000000000000e+00
1.000000000000000000e+00 3.543078730288359566e+02
1.000000000000000000e+00 3.543078730288359566e+02
1.000000000000000000e+00 3.543078730288359566e+02
1.000000000000000000e+00 3.492282314330038844e+02
1.000000000000000000e+00 3.442214156497103090e+02
1.000000000000000000e+00 3.442214156497103090e+02
1.000000000000000000e+00 3.492282314330038844e+02
1.000000000000000000e+00 3.492282314330038844e+02
1.000000000000000000e+00 3.543078730288359566e+02
1.000000000000000000e+00 3.543078730288359566e+02
1.000000000000000000e+00 3.543078730288359566e+02
1.000000000000000000e+00 3.543078730288359566e+02
1.000000000000000000e+00 3.543078730288359566e+02
1.000000000000000000e+00 3.492282314330038844e+02
1.000000000000000000e+00 3.492282314330038844e+02
0.000000000000000000e+00 0.000000000000000000e+00
0.000000000000000000e+00 0.000000000000000000e+00
1.000000000000000000e+00 3.066664179587798458e+02
1.000000000000000000e+00 3.156524299084200607e+02
1.000000000000000000e+00 3.202437002252812590e+02
1.000000000000000000e+00 3.202437002252812590e+02
1.000000000000000000e+00 3.202437002252812590e+02
1.000000000000000000e+00 3.111269837220809222e+02
1.000000000000000000e+00 3.066664179587798458e+02
1.000000000000000000e+00 3.066664179587798458e+02
1.000000000000000000e+00 3.066664179587798458e+02
1.000000000000000000e+00 3.111269837220809222e+02
1.000000000000000000e+00 3.156524299084200607e+02
1.000000000000000000e+00 3.202437002252812590e+02
1.000000000000000000e+00 3.202437002252812590e+02
1.000000000000000000e+00 3.156524299084200607e+02
1.000000000000000000e+00 3.111269837220809222e+02
1.000000000000000000e+00 3.066664179587798458e+02
1.000000000000000000e+00 3.111269837220809222e+02
1.000000000000000000e+00 3.111269837220809222e+02
1.000000000000000000e+00 3.156524299084200607e+02
1.000000000000000000e+00 3.111269837220809222e+02
1.000000000000000000e+00 3.111269837220809222e+02
1.000000000000000000e+00 3.111269837220809222e+02
1.000000000000000000e+00 3.111269837220809222e+02
1.000000000000000000e+00 3.111269837220809222e+02
1.000000000000000000e+00 3.111269837220809222e+02
1.000000000000000000e+00 3.111269837220809222e+02
1.000000000000000000e+00 3.111269837220809222e+02
1.000000000000000000e+00 3.111269837220809222e+02
1.000000000000000000e+00 3.111269837220809222e+02
1.000000000000000000e+00 3.111269837220809222e+02
1.000000000000000000e+00 3.111269837220809222e+02
1.000000000000000000e+00 3.111269837220809222e+02
1.000000000000000000e+00 3.111269837220809222e+02
1.000000000000000000e+00 3.156524299084200607e+02
1.000000000000000000e+00 3.156524299084200607e+02
1.000000000000000000e+00 3.156524299084200607e+02
1.000000000000000000e+00 3.111269837220809222e+02
1.000000000000000000e+00 3.111269837220809222e+02
0.000000000000000000e+00 0.000000000000000000e+00
0.000000000000000000e+00 0.000000000000000000e+00
0.000000000000000000e+00 0.000000000000000000e+00
0.000000000000000000e+00 0.000000000000000000e+00
0.000000000000000000e+00 0.000000000000000000e+00
0.000000000000000000e+00 0.000000000000000000e+00
0.000000000000000000e+00 0.000000000000000000e+00
0.000000000000000000e+00 0.000000000000000000e+00
0.000000000000000000e+00 0.000000000000000000e+00
1.000000000000000000e+00 2.364721347825532121e+02
1.000000000000000000e+00 2.399117011863566802e+02
0.000000000000000000e+00 0.000000000000000000e+00
0.000000000000000000e+00 0.000000000000000000e+00
0.000000000000000000e+00 0.000000000000000000e+00
0.000000000000000000e+00 0.000000000000000000e+00
0.000000000000000000e+00 0.000000000000000000e+00
0.000000000000000000e+00 0.000000000000000000e+00
0.000000000000000000e+00 0.000000000000000000e+00
0.000000000000000000e+00 0.000000000000000000e+00
1.000000000000000000e+00 2.330818807590449637e+02
1.000000000000000000e+00 2.330818807590449637e+02
1.000000000000000000e+00 2.297402321340310323e+02
1.000000000000000000e+00 2.264464920615682502e+02
0.000000000000000000e+00 0.000000000000000000e+00
0.000000000000000000e+00 0.000000000000000000e+00
0.000000000000000000e+00 0.000000000000000000e+00
0.000000000000000000e+00 0.000000000000000000e+00
0.000000000000000000e+00 0.000000000000000000e+00
0.000000000000000000e+00 0.000000000000000000e+00
0.000000000000000000e+00 0.000000000000000000e+00
0.000000000000000000e+00 0.000000000000000000e+00
0.000000000000000000e+00 0.000000000000000000e+00
1.000000000000000000e+00 3.646898861689792284e+02
1.000000000000000000e+00 3.699944227116343995e+02
0.000000000000000000e+00 0.000000000000000000e+00
0.000000000000000000e+00 0.000000000000000000e+00
1.000000000000000000e+00 4.153046975799451275e+02
1.000000000000000000e+00 4.213454435073724085e+02
1.000000000000000000e+00 4.213454435073724085e+02
1.000000000000000000e+00 4.213454435073724085e+02
1.000000000000000000e+00 4.153046975799451275e+02
1.000000000000000000e+00 4.093505566269445239e+02
1.000000000000000000e+00 4.093505566269445239e+02
1.000000000000000000e+00 4.153046975799451275e+02
1.000000000000000000e+00 4.213454435073724085e+02
1.000000000000000000e+00 4.213454435073724085e+02
1.000000000000000000e+00 4.213454435073724085e+02
1.000000000000000000e+00 4.093505566269445239e+02
0.000000000000000000e+00 0.000000000000000000e+00
0.000000000000000000e+00 0.000000000000000000e+00
0.000000000000000000e+00 0.000000000000000000e+00
0.000000000000000000e+00 0.000000000000000000e+00
0.000000000000000000e+00 0.000000000000000000e+00
0.000000000000000000e+00 0.000000000000000000e+00
0.000000000000000000e+00 0.000000000000000000e+00
0.000000000000000000e+00 0.000000000000000000e+00
0.000000000000000000e+00 0.000000000000000000e+00
0.000000000000000000e+00 0.000000000000000000e+00
1.000000000000000000e+00 2.654309967761147959e+02
1.000000000000000000e+00 2.654309967761147959e+02
1.000000000000000000e+00 2.654309967761147959e+02
0.000000000000000000e+00 0.000000000000000000e+00
0.000000000000000000e+00 0.000000000000000000e+00
0.000000000000000000e+00 0.000000000000000000e+00
0.000000000000000000e+00 0.000000000000000000e+00
0.000000000000000000e+00 0.000000000000000000e+00
0.000000000000000000e+00 0.000000000000000000e+00
0.000000000000000000e+00 0.000000000000000000e+00
0.000000000000000000e+00 0.000000000000000000e+00
0.000000000000000000e+00 0.000000000000000000e+00
0.000000000000000000e+00 0.000000000000000000e+00
0.000000000000000000e+00 0.000000000000000000e+00
0.000000000000000000e+00 0.000000000000000000e+00
0.000000000000000000e+00 0.000000000000000000e+00
0.000000000000000000e+00 0.000000000000000000e+00
0.000000000000000000e+00 0.000000000000000000e+00
0.000000000000000000e+00 0.000000000000000000e+00
0.000000000000000000e+00 0.000000000000000000e+00
0.000000000000000000e+00 0.000000000000000000e+00
0.000000000000000000e+00 0.000000000000000000e+00
0.000000000000000000e+00 0.000000000000000000e+00
1.000000000000000000e+00 2.692917795270241186e+02
1.000000000000000000e+00 2.654309967761147959e+02
1.000000000000000000e+00 2.654309967761147959e+02
1.000000000000000000e+00 2.654309967761147959e+02
0.000000000000000000e+00 0.000000000000000000e+00
0.000000000000000000e+00 0.000000000000000000e+00
0.000000000000000000e+00 0.000000000000000000e+00
1.000000000000000000e+00 2.297402321340310323e+02
1.000000000000000000e+00 2.297402321340310323e+02
1.000000000000000000e+00 2.330818807590449637e+02
1.000000000000000000e+00 2.364721347825532121e+02
1.000000000000000000e+00 2.364721347825532121e+02
1.000000000000000000e+00 2.364721347825532121e+02
1.000000000000000000e+00 2.330818807590449637e+02
1.000000000000000000e+00 2.330818807590449637e+02
1.000000000000000000e+00 2.330818807590449637e+02
1.000000000000000000e+00 2.330818807590449637e+02
1.000000000000000000e+00 2.364721347825532121e+02
1.000000000000000000e+00 2.399117011863566802e+02
1.000000000000000000e+00 2.399117011863566802e+02
1.000000000000000000e+00 2.399117011863566802e+02
0.000000000000000000e+00 0.000000000000000000e+00
0.000000000000000000e+00 0.000000000000000000e+00
0.000000000000000000e+00 0.000000000000000000e+00
0.000000000000000000e+00 0.000000000000000000e+00
0.000000000000000000e+00 0.000000000000000000e+00
0.000000000000000000e+00 0.000000000000000000e+00
0.000000000000000000e+00 0.000000000000000000e+00
0.000000000000000000e+00 0.000000000000000000e+00
0.000000000000000000e+00 0.000000000000000000e+00
0.000000000000000000e+00 0.000000000000000000e+00
0.000000000000000000e+00 0.000000000000000000e+00
1.000000000000000000e+00 2.434012972355433533e+02
1.000000000000000000e+00 2.434012972355433533e+02
1.000000000000000000e+00 2.469416506280620638e+02
1.000000000000000000e+00 2.469416506280620638e+02
1.000000000000000000e+00 2.505334996464721371e+02
1.000000000000000000e+00 2.505334996464721371e+02
1.000000000000000000e+00 2.578746915402352897e+02
1.000000000000000000e+00 2.616255653005986233e+02
1.000000000000000000e+00 2.654309967761147959e+02
1.000000000000000000e+00 2.654309967761147959e+02
0.000000000000000000e+00 0.000000000000000000e+00
0.000000000000000000e+00 0.000000000000000000e+00
1.000000000000000000e+00 2.330818807590449637e+02
0.000000000000000000e+00 0.000000000000000000e+00
1.000000000000000000e+00 2.399117011863566802e+02
1.000000000000000000e+00 2.399117011863566802e+02
1.000000000000000000e+00 2.364721347825532121e+02
0.000000000000000000e+00 0.000000000000000000e+00
0.000000000000000000e+00 0.000000000000000000e+00
0.000000000000000000e+00 0.000000000000000000e+00
0.000000000000000000e+00 0.000000000000000000e+00
1.000000000000000000e+00 2.936647679174075733e+02
1.000000000000000000e+00 2.936647679174075733e+02
1.000000000000000000e+00 2.894545544734002647e+02
1.000000000000000000e+00 2.812143451832947108e+02
1.000000000000000000e+00 2.771826309768720762e+02
1.000000000000000000e+00 2.771826309768720762e+02
1.000000000000000000e+00 2.771826309768720762e+02
1.000000000000000000e+00 2.812143451832947108e+02
1.000000000000000000e+00 2.812143451832947108e+02
1.000000000000000000e+00 2.812143451832947108e+02
1.000000000000000000e+00 2.812143451832947108e+02
1.000000000000000000e+00 2.771826309768720762e+02
1.000000000000000000e+00 2.771826309768720762e+02
1.000000000000000000e+00 5.543652619537441524e+02
1.000000000000000000e+00 5.543652619537441524e+02
1.000000000000000000e+00 2.771826309768720762e+02
1.000000000000000000e+00 2.812143451832947108e+02
1.000000000000000000e+00 2.812143451832947108e+02
1.000000000000000000e+00 2.771826309768720762e+02
1.000000000000000000e+00 2.771826309768720762e+02
1.000000000000000000e+00 2.771826309768720762e+02
1.000000000000000000e+00 2.771826309768720762e+02
1.000000000000000000e+00 2.771826309768720762e+02
1.000000000000000000e+00 2.812143451832947108e+02
1.000000000000000000e+00 5.543652619537441524e+02
1.000000000000000000e+00 3.022698024407795856e+02
1.000000000000000000e+00 3.066664179587798458e+02
1.000000000000000000e+00 3.111269837220809222e+02
1.000000000000000000e+00 3.111269837220809222e+02
1.000000000000000000e+00 3.111269837220809222e+02
1.000000000000000000e+00 3.066664179587798458e+02
1.000000000000000000e+00 3.066664179587798458e+02
1.000000000000000000e+00 3.111269837220809222e+02
0.000000000000000000e+00 0.000000000000000000e+00
0.000000000000000000e+00 0.000000000000000000e+00
1.000000000000000000e+00 4.274740541075865963e+02
1.000000000000000000e+00 4.213454435073724085e+02
0.000000000000000000e+00 0.000000000000000000e+00
0.000000000000000000e+00 0.000000000000000000e+00
0.000000000000000000e+00 0.000000000000000000e+00
0.000000000000000000e+00 0.000000000000000000e+00
1.000000000000000000e+00 2.364721347825532121e+02
1.000000000000000000e+00 2.364721347825532121e+02
1.000000000000000000e+00 2.364721347825532121e+02
1.000000000000000000e+00 2.399117011863566802e+02
1.000000000000000000e+00 2.505334996464721371e+02
1.000000000000000000e+00 2.578746915402352897e+02
1.000000000000000000e+00 2.578746915402352897e+02
1.000000000000000000e+00 2.616255653005986233e+02
1.000000000000000000e+00 2.616255653005986233e+02
1.000000000000000000e+00 2.616255653005986233e+02
1.000000000000000000e+00 2.616255653005986233e+02
1.000000000000000000e+00 2.616255653005986233e+02
1.000000000000000000e+00 2.616255653005986233e+02
1.000000000000000000e+00 2.616255653005986233e+02
1.000000000000000000e+00 2.578746915402352897e+02
1.000000000000000000e+00 2.541775933119000399e+02
1.000000000000000000e+00 2.541775933119000399e+02
0.000000000000000000e+00 0.000000000000000000e+00
0.000000000000000000e+00 0.000000000000000000e+00
1.000000000000000000e+00 2.364721347825532121e+02
1.000000000000000000e+00 2.364721347825532121e+02
1.000000000000000000e+00 2.330818807590449637e+02
1.000000000000000000e+00 2.297402321340310323e+02
1.000000000000000000e+00 2.231999736862552197e+02
0.000000000000000000e+00 0.000000000000000000e+00
0.000000000000000000e+00 0.000000000000000000e+00
1.000000000000000000e+00 2.017408895050276669e+02
1.000000000000000000e+00 2.017408895050276669e+02
1.000000000000000000e+00 2.046752783134722335e+02
1.000000000000000000e+00 2.046752783134722335e+02
1.000000000000000000e+00 2.106727217536862042e+02
0.000000000000000000e+00 0.000000000000000000e+00
1.000000000000000000e+00 2.046752783134722335e+02
1.000000000000000000e+00 2.046752783134722335e+02
1.000000000000000000e+00 2.076523487899725637e+02
1.000000000000000000e+00 2.076523487899725637e+02
1.000000000000000000e+00 2.076523487899725637e+02
0.000000000000000000e+00 0.000000000000000000e+00
0.000000000000000000e+00 0.000000000000000000e+00
0.000000000000000000e+00 0.000000000000000000e+00
0.000000000000000000e+00 0.000000000000000000e+00
0.000000000000000000e+00 0.000000000000000000e+00
0.000000000000000000e+00 0.000000000000000000e+00
0.000000000000000000e+00 0.000000000000000000e+00
0.000000000000000000e+00 0.000000000000000000e+00
0.000000000000000000e+00 0.000000000000000000e+00
0.000000000000000000e+00 0.000000000000000000e+00
0.000000000000000000e+00 0.000000000000000000e+00
0.000000000000000000e+00 0.000000000000000000e+00
0.000000000000000000e+00 0.000000000000000000e+00
0.000000000000000000e+00 0.000000000000000000e+00
0.000000000000000000e+00 0.000000000000000000e+00
0.000000000000000000e+00 0.000000000000000000e+00
0.000000000000000000e+00 0.000000000000000000e+00
0.000000000000000000e+00 0.000000000000000000e+00
0.000000000000000000e+00 0.000000000000000000e+00
0.000000000000000000e+00 0.000000000000000000e+00
1.000000000000000000e+00 2.106727217536862042e+02
1.000000000000000000e+00 2.106727217536862042e+02
1.000000000000000000e+00 2.106727217536862042e+02
1.000000000000000000e+00 2.106727217536862042e+02
0.000000000000000000e+00 0.000000000000000000e+00
0.000000000000000000e+00 0.000000000000000000e+00
0.000000000000000000e+00 0.000000000000000000e+00
0.000000000000000000e+00 0.000000000000000000e+00
0.000000000000000000e+00 0.000000000000000000e+00
0.000000000000000000e+00 0.000000000000000000e+00
1.000000000000000000e+00 2.812143451832947108e+02
1.000000000000000000e+00 2.812143451832947108e+02
0.000000000000000000e+00 0.000000000000000000e+00
1.000000000000000000e+00 3.022698024407795856e+02
1.000000000000000000e+00 3.066664179587798458e+02
1.000000000000000000e+00 3.111269837220809222e+02
1.000000000000000000e+00 3.111269837220809222e+02
1.000000000000000000e+00 3.111269837220809222e+02
1.000000000000000000e+00 3.111269837220809222e+02
1.000000000000000000e+00 3.066664179587798458e+02
0.000000000000000000e+00 0.000000000000000000e+00
0.000000000000000000e+00 0.000000000000000000e+00
0.000000000000000000e+00 0.000000000000000000e+00
0.000000000000000000e+00 0.000000000000000000e+00
0.000000000000000000e+00 0.000000000000000000e+00
0.000000000000000000e+00 0.000000000000000000e+00
0.000000000000000000e+00 0.000000000000000000e+00
0.000000000000000000e+00 0.000000000000000000e+00
0.000000000000000000e+00 0.000000000000000000e+00
0.000000000000000000e+00 0.000000000000000000e+00
0.000000000000000000e+00 0.000000000000000000e+00
0.000000000000000000e+00 0.000000000000000000e+00
0.000000000000000000e+00 0.000000000000000000e+00
0.000000000000000000e+00 0.000000000000000000e+00
0.000000000000000000e+00 0.000000000000000000e+00
1.000000000000000000e+00 2.853047020232221485e+02
1.000000000000000000e+00 2.853047020232221485e+02
1.000000000000000000e+00 2.853047020232221485e+02
1.000000000000000000e+00 2.771826309768720762e+02
1.000000000000000000e+00 2.692917795270241186e+02
1.000000000000000000e+00 2.654309967761147959e+02
1.000000000000000000e+00 2.692917795270241186e+02
1.000000000000000000e+00 2.812143451832947108e+02
1.000000000000000000e+00 2.853047020232221485e+02
1.000000000000000000e+00 2.894545544734002647e+02
1.000000000000000000e+00 2.894545544734002647e+02
1.000000000000000000e+00 2.812143451832947108e+02
1.000000000000000000e+00 2.692917795270241186e+02
1.000000000000000000e+00 2.692917795270241186e+02
1.000000000000000000e+00 2.692917795270241186e+02
1.000000000000000000e+00 2.771826309768720762e+02
1.000000000000000000e+00 2.812143451832947108e+02
1.000000000000000000e+00 2.853047020232221485e+02
1.000000000000000000e+00 2.853047020232221485e+02
1.000000000000000000e+00 2.853047020232221485e+02
1.000000000000000000e+00 2.812143451832947108e+02
1.000000000000000000e+00 2.771826309768720762e+02
1.000000000000000000e+00 2.732087186561664680e+02
1.000000000000000000e+00 2.732087186561664680e+02
1.000000000000000000e+00 2.771826309768720762e+02
1.000000000000000000e+00 2.771826309768720762e+02
1.000000000000000000e+00 2.812143451832947108e+02
1.000000000000000000e+00 2.812143451832947108e+02
1.000000000000000000e+00 2.812143451832947108e+02
1.000000000000000000e+00 2.812143451832947108e+02
1.000000000000000000e+00 2.812143451832947108e+02
1.000000000000000000e+00 2.771826309768720762e+02
0.000000000000000000e+00 0.000000000000000000e+00
0.000000000000000000e+00 0.000000000000000000e+00
0.000000000000000000e+00 0.000000000000000000e+00
0.000000000000000000e+00 0.000000000000000000e+00
0.000000000000000000e+00 0.000000000000000000e+00
0.000000000000000000e+00 0.000000000000000000e+00
0.000000000000000000e+00 0.000000000000000000e+00
0.000000000000000000e+00 0.000000000000000000e+00
0.000000000000000000e+00 0.000000000000000000e+00
0.000000000000000000e+00 0.000000000000000000e+00
1.000000000000000000e+00 2.853047020232221485e+02
1.000000000000000000e+00 2.853047020232221485e+02
1.000000000000000000e+00 2.812143451832947108e+02
1.000000000000000000e+00 2.771826309768720762e+02
1.000000000000000000e+00 2.771826309768720762e+02
1.000000000000000000e+00 2.771826309768720762e+02
1.000000000000000000e+00 2.812143451832947108e+02
1.000000000000000000e+00 2.812143451832947108e+02
0.000000000000000000e+00 0.000000000000000000e+00
0.000000000000000000e+00 0.000000000000000000e+00
0.000000000000000000e+00 0.000000000000000000e+00
0.000000000000000000e+00 0.000000000000000000e+00
0.000000000000000000e+00 0.000000000000000000e+00
0.000000000000000000e+00 0.000000000000000000e+00
0.000000000000000000e+00 0.000000000000000000e+00
0.000000000000000000e+00 0.000000000000000000e+00
0.000000000000000000e+00 0.000000000000000000e+00
0.000000000000000000e+00 0.000000000000000000e+00
0.000000000000000000e+00 0.000000000000000000e+00
0.000000000000000000e+00 0.000000000000000000e+00
0.000000000000000000e+00 0.000000000000000000e+00
0.000000000000000000e+00 0.000000000000000000e+00
0.000000000000000000e+00 0.000000000000000000e+00
0.000000000000000000e+00 0.000000000000000000e+00
0.000000000000000000e+00 0.000000000000000000e+00
0.000000000000000000e+00 0.000000000000000000e+00
0.000000000000000000e+00 0.000000000000000000e+00
0.000000000000000000e+00 0.000000000000000000e+00
0.000000000000000000e+00 0.000000000000000000e+00
0.000000000000000000e+00 0.000000000000000000e+00
0.000000000000000000e+00 0.000000000000000000e+00
0.000000000000000000e+00 0.000000000000000000e+00
0.000000000000000000e+00 0.000000000000000000e+00
0.000000000000000000e+00 0.000000000000000000e+00
